Ileak	T	Leff
1.890197e-10	3.181500e+02	1.980000e-08
2.204809e-10	3.264153e+02	1.980000e-08
2.570551e-10	3.346806e+02	1.980000e-08
2.992417e-10	3.429459e+02	1.980000e-08
3.475486e-10	3.512112e+02	1.980000e-08
4.024896e-10	3.594765e+02	1.980000e-08
4.645815e-10	3.677418e+02	1.980000e-08
5.343420e-10	3.760071e+02	1.980000e-08
6.122887e-10	3.842724e+02	1.980000e-08
6.989365e-10	3.925378e+02	1.980000e-08
7.947928e-10	4.008031e+02	1.980000e-08
9.003622e-10	4.090684e+02	1.980000e-08
1.016142e-09	4.173337e+02	1.980000e-08
1.142620e-09	4.255990e+02	1.980000e-08
1.280278e-09	4.338643e+02	1.980000e-08
1.429588e-09	4.421296e+02	1.980000e-08
1.591012e-09	4.503949e+02	1.980000e-08
1.765005e-09	4.586602e+02	1.980000e-08
1.952013e-09	4.669255e+02	1.980000e-08
2.152472e-09	4.751908e+02	1.980000e-08
2.366812e-09	4.834561e+02	1.980000e-08
2.595455e-09	4.917214e+02	1.980000e-08
2.838818e-09	4.999867e+02	1.980000e-08
3.097312e-09	5.082520e+02	1.980000e-08
3.371345e-09	5.165173e+02	1.980000e-08
3.661328e-09	5.247827e+02	1.980000e-08
3.967669e-09	5.330480e+02	1.980000e-08
4.290800e-09	5.413133e+02	1.980000e-08
4.631190e-09	5.495786e+02	1.980000e-08
4.989393e-09	5.578439e+02	1.980000e-08
5.366147e-09	5.661092e+02	1.980000e-08
5.762570e-09	5.743745e+02	1.980000e-08
6.180558e-09	5.826398e+02	1.980000e-08
6.623559e-09	5.909051e+02	1.980000e-08
7.098078e-09	5.991704e+02	1.980000e-08
7.616521e-09	6.074357e+02	1.980000e-08
8.202496e-09	6.157010e+02	1.980000e-08
8.900529e-09	6.239663e+02	1.980000e-08
9.793570e-09	6.322316e+02	1.980000e-08
1.103404e-08	6.404969e+02	1.980000e-08
1.289805e-08	6.487622e+02	1.980000e-08
1.587866e-08	6.570276e+02	1.980000e-08
2.084364e-08	6.652929e+02	1.980000e-08
2.929913e-08	6.735582e+02	1.980000e-08
4.382249e-08	6.818235e+02	1.980000e-08
6.876307e-08	6.900888e+02	1.980000e-08
1.113584e-07	6.983541e+02	1.980000e-08
1.834833e-07	7.066194e+02	1.980000e-08
3.043427e-07	7.148847e+02	1.980000e-08
5.045412e-07	7.231500e+02	1.980000e-08
1.829864e-10	3.181500e+02	1.991020e-08
2.131800e-10	3.264153e+02	1.991020e-08
2.483071e-10	3.346806e+02	1.991020e-08
2.888540e-10	3.429459e+02	1.991020e-08
3.353156e-10	3.512112e+02	1.991020e-08
3.881933e-10	3.594765e+02	1.991020e-08
4.479919e-10	3.677418e+02	1.991020e-08
5.152175e-10	3.760071e+02	1.991020e-08
5.903764e-10	3.842724e+02	1.991020e-08
6.739727e-10	3.925378e+02	1.991020e-08
7.665038e-10	4.008031e+02	1.991020e-08
8.684646e-10	4.090684e+02	1.991020e-08
9.803426e-10	4.173337e+02	1.991020e-08
1.102618e-09	4.255990e+02	1.991020e-08
1.235763e-09	4.338643e+02	1.991020e-08
1.380242e-09	4.421296e+02	1.991020e-08
1.536509e-09	4.503949e+02	1.991020e-08
1.705013e-09	4.586602e+02	1.991020e-08
1.886191e-09	4.669255e+02	1.991020e-08
2.080474e-09	4.751908e+02	1.991020e-08
2.288285e-09	4.834561e+02	1.991020e-08
2.510039e-09	4.917214e+02	1.991020e-08
2.746146e-09	4.999867e+02	1.991020e-08
2.997013e-09	5.082520e+02	1.991020e-08
3.263039e-09	5.165173e+02	1.991020e-08
3.544632e-09	5.247827e+02	1.991020e-08
3.842191e-09	5.330480e+02	1.991020e-08
4.156142e-09	5.413133e+02	1.991020e-08
4.486947e-09	5.495786e+02	1.991020e-08
4.835154e-09	5.578439e+02	1.991020e-08
5.201493e-09	5.661092e+02	1.991020e-08
5.587076e-09	5.743745e+02	1.991020e-08
5.993789e-09	5.826398e+02	1.991020e-08
6.425073e-09	5.909051e+02	1.991020e-08
6.887424e-09	5.991704e+02	1.991020e-08
7.393238e-09	6.074357e+02	1.991020e-08
7.966114e-09	6.157010e+02	1.991020e-08
8.650566e-09	6.239663e+02	1.991020e-08
9.529535e-09	6.322316e+02	1.991020e-08
1.075543e-08	6.404969e+02	1.991020e-08
1.260434e-08	6.487622e+02	1.991020e-08
1.556932e-08	6.570276e+02	1.991020e-08
2.051813e-08	6.652929e+02	1.991020e-08
2.895688e-08	6.735582e+02	1.991020e-08
4.346293e-08	6.818235e+02	1.991020e-08
6.838558e-08	6.900888e+02	1.991020e-08
1.109624e-07	6.983541e+02	1.991020e-08
1.830681e-07	7.066194e+02	1.991020e-08
3.039077e-07	7.148847e+02	1.991020e-08
5.040854e-07	7.231500e+02	1.991020e-08
1.773183e-10	3.181500e+02	2.002041e-08
2.063133e-10	3.264153e+02	2.002041e-08
2.400708e-10	3.346806e+02	2.002041e-08
2.790645e-10	3.429459e+02	2.002041e-08
3.237769e-10	3.512112e+02	2.002041e-08
3.746975e-10	3.594765e+02	2.002041e-08
4.323193e-10	3.677418e+02	2.002041e-08
4.971369e-10	3.760071e+02	2.002041e-08
5.696461e-10	3.842724e+02	2.002041e-08
6.503404e-10	3.925378e+02	2.002041e-08
7.397074e-10	4.008031e+02	2.002041e-08
8.382323e-10	4.090684e+02	2.002041e-08
9.463936e-10	4.173337e+02	2.002041e-08
1.064663e-09	4.255990e+02	2.002041e-08
1.193505e-09	4.338643e+02	2.002041e-08
1.333375e-09	4.421296e+02	2.002041e-08
1.484721e-09	4.503949e+02	2.002041e-08
1.647983e-09	4.586602e+02	2.002041e-08
1.823593e-09	4.669255e+02	2.002041e-08
2.011974e-09	4.751908e+02	2.002041e-08
2.213543e-09	4.834561e+02	2.002041e-08
2.428709e-09	4.917214e+02	2.002041e-08
2.657877e-09	4.999867e+02	2.002041e-08
2.901445e-09	5.082520e+02	2.002041e-08
3.159809e-09	5.165173e+02	2.002041e-08
3.433368e-09	5.247827e+02	2.002041e-08
3.722516e-09	5.330480e+02	2.002041e-08
4.027673e-09	5.413133e+02	2.002041e-08
4.349295e-09	5.495786e+02	2.002041e-08
4.687922e-09	5.578439e+02	2.002041e-08
5.044278e-09	5.661092e+02	2.002041e-08
5.419467e-09	5.743745e+02	2.002041e-08
5.815368e-09	5.826398e+02	2.002041e-08
6.235414e-09	5.909051e+02	2.002041e-08
6.686093e-09	5.991704e+02	2.002041e-08
7.179791e-09	6.074357e+02	2.002041e-08
7.740097e-09	6.157010e+02	2.002041e-08
8.411518e-09	6.239663e+02	2.002041e-08
9.276979e-09	6.322316e+02	2.002041e-08
1.048888e-08	6.404969e+02	2.002041e-08
1.232330e-08	6.487622e+02	2.002041e-08
1.527328e-08	6.570276e+02	2.002041e-08
2.020656e-08	6.652929e+02	2.002041e-08
2.862924e-08	6.735582e+02	2.002041e-08
4.311865e-08	6.818235e+02	2.002041e-08
6.802409e-08	6.900888e+02	2.002041e-08
1.105831e-07	6.983541e+02	2.002041e-08
1.826703e-07	7.066194e+02	2.002041e-08
3.034908e-07	7.148847e+02	2.002041e-08
5.036489e-07	7.231500e+02	2.002041e-08
1.719907e-10	3.181500e+02	2.013061e-08
1.998516e-10	3.264153e+02	2.013061e-08
2.323122e-10	3.346806e+02	2.013061e-08
2.698341e-10	3.429459e+02	2.013061e-08
3.128878e-10	3.512112e+02	2.013061e-08
3.619509e-10	3.594765e+02	2.013061e-08
4.175054e-10	3.677418e+02	2.013061e-08
4.800349e-10	3.760071e+02	2.013061e-08
5.500245e-10	3.842724e+02	2.013061e-08
6.279577e-10	3.925378e+02	2.013061e-08
7.143124e-10	4.008031e+02	2.013061e-08
8.095646e-10	4.090684e+02	2.013061e-08
9.141841e-10	4.173337e+02	2.013061e-08
1.028634e-09	4.255990e+02	2.013061e-08
1.153371e-09	4.338643e+02	2.013061e-08
1.288842e-09	4.421296e+02	2.013061e-08
1.435489e-09	4.503949e+02	2.013061e-08
1.593745e-09	4.586602e+02	2.013061e-08
1.764034e-09	4.669255e+02	2.013061e-08
1.946774e-09	4.751908e+02	2.013061e-08
2.142374e-09	4.834561e+02	2.013061e-08
2.351239e-09	4.917214e+02	2.013061e-08
2.573766e-09	4.999867e+02	2.013061e-08
2.810348e-09	5.082520e+02	2.013061e-08
3.061374e-09	5.165173e+02	2.013061e-08
3.327239e-09	5.247827e+02	2.013061e-08
3.608330e-09	5.330480e+02	2.013061e-08
3.905061e-09	5.413133e+02	2.013061e-08
4.217881e-09	5.495786e+02	2.013061e-08
4.547324e-09	5.578439e+02	2.013061e-08
4.894108e-09	5.661092e+02	2.013061e-08
5.259329e-09	5.743745e+02	2.013061e-08
5.644858e-09	5.826398e+02	2.013061e-08
6.054123e-09	5.909051e+02	2.013061e-08
6.493600e-09	5.991704e+02	2.013061e-08
6.975670e-09	6.074357e+02	2.013061e-08
7.523911e-09	6.157010e+02	2.013061e-08
8.182821e-09	6.239663e+02	2.013061e-08
9.035316e-09	6.322316e+02	2.013061e-08
1.023378e-08	6.404969e+02	2.013061e-08
1.205429e-08	6.487622e+02	2.013061e-08
1.498986e-08	6.570276e+02	2.013061e-08
1.990822e-08	6.652929e+02	2.013061e-08
2.831546e-08	6.735582e+02	2.013061e-08
4.278890e-08	6.818235e+02	2.013061e-08
6.767781e-08	6.900888e+02	2.013061e-08
1.102197e-07	6.983541e+02	2.013061e-08
1.822892e-07	7.066194e+02	2.013061e-08
3.030914e-07	7.148847e+02	2.013061e-08
5.032304e-07	7.231500e+02	2.013061e-08
1.669787e-10	3.181500e+02	2.024082e-08
1.937658e-10	3.264153e+02	2.024082e-08
2.249974e-10	3.346806e+02	2.024082e-08
2.611233e-10	3.429459e+02	2.024082e-08
3.026026e-10	3.512112e+02	2.024082e-08
3.499016e-10	3.594765e+02	2.024082e-08
4.034913e-10	3.677418e+02	2.024082e-08
4.638447e-10	3.760071e+02	2.024082e-08
5.314367e-10	3.842724e+02	2.024082e-08
6.067408e-10	3.925378e+02	2.024082e-08
6.902257e-10	4.008031e+02	2.024082e-08
7.823584e-10	4.090684e+02	2.024082e-08
8.835999e-10	4.173337e+02	2.024082e-08
9.944053e-10	4.255990e+02	2.024082e-08
1.115223e-09	4.338643e+02	2.024082e-08
1.246494e-09	4.421296e+02	2.024082e-08
1.388651e-09	4.503949e+02	2.024082e-08
1.542122e-09	4.586602e+02	2.024082e-08
1.707323e-09	4.669255e+02	2.024082e-08
1.884666e-09	4.751908e+02	2.024082e-08
2.074555e-09	4.834561e+02	2.024082e-08
2.277388e-09	4.917214e+02	2.024082e-08
2.493556e-09	4.999867e+02	2.024082e-08
2.723446e-09	5.082520e+02	2.024082e-08
2.967443e-09	5.165173e+02	2.024082e-08
3.225934e-09	5.247827e+02	2.024082e-08
3.499300e-09	5.330480e+02	2.024082e-08
3.787951e-09	5.413133e+02	2.024082e-08
4.092329e-09	5.495786e+02	2.024082e-08
4.412962e-09	5.578439e+02	2.024082e-08
4.750561e-09	5.661092e+02	2.024082e-08
5.106215e-09	5.743745e+02	2.024082e-08
5.481790e-09	5.826398e+02	2.024082e-08
5.880703e-09	5.909051e+02	2.024082e-08
6.309425e-09	5.991704e+02	2.024082e-08
6.780327e-09	6.074357e+02	2.024082e-08
7.316981e-09	6.157010e+02	2.024082e-08
7.963872e-09	6.239663e+02	2.024082e-08
8.803909e-09	6.322316e+02	2.024082e-08
9.989465e-09	6.404969e+02	2.024082e-08
1.179660e-08	6.487622e+02	2.024082e-08
1.471832e-08	6.570276e+02	2.024082e-08
1.962235e-08	6.652929e+02	2.024082e-08
2.801475e-08	6.735582e+02	2.024082e-08
4.247283e-08	6.818235e+02	2.024082e-08
6.734585e-08	6.900888e+02	2.024082e-08
1.098713e-07	6.983541e+02	2.024082e-08
1.819238e-07	7.066194e+02	2.024082e-08
3.027083e-07	7.148847e+02	2.024082e-08
5.028291e-07	7.231500e+02	2.024082e-08
1.622615e-10	3.181500e+02	2.035102e-08
1.880312e-10	3.264153e+02	2.035102e-08
2.180975e-10	3.346806e+02	2.035102e-08
2.528989e-10	3.429459e+02	2.035102e-08
2.928832e-10	3.512112e+02	2.035102e-08
3.385060e-10	3.594765e+02	2.035102e-08
3.902275e-10	3.677418e+02	2.035102e-08
4.485105e-10	3.760071e+02	2.035102e-08
5.138199e-10	3.842724e+02	2.035102e-08
5.866198e-10	3.925378e+02	2.035102e-08
6.673695e-10	4.008031e+02	2.035102e-08
7.565274e-10	4.090684e+02	2.035102e-08
8.545462e-10	4.173337e+02	2.035102e-08
9.618729e-10	4.255990e+02	2.035102e-08
1.078948e-09	4.338643e+02	2.035102e-08
1.206206e-09	4.421296e+02	2.035102e-08
1.344072e-09	4.503949e+02	2.035102e-08
1.492967e-09	4.586602e+02	2.035102e-08
1.653301e-09	4.669255e+02	2.035102e-08
1.825480e-09	4.751908e+02	2.035102e-08
2.009902e-09	4.834561e+02	2.035102e-08
2.206959e-09	4.917214e+02	2.035102e-08
2.417036e-09	4.999867e+02	2.035102e-08
2.640515e-09	5.082520e+02	2.035102e-08
2.877774e-09	5.165173e+02	2.035102e-08
3.129195e-09	5.247827e+02	2.035102e-08
3.395155e-09	5.330480e+02	2.035102e-08
3.676056e-09	5.413133e+02	2.035102e-08
3.972335e-09	5.495786e+02	2.035102e-08
4.284513e-09	5.578439e+02	2.035102e-08
4.613296e-09	5.661092e+02	2.035102e-08
4.959766e-09	5.743745e+02	2.035102e-08
5.325782e-09	5.826398e+02	2.035102e-08
5.714754e-09	5.909051e+02	2.035102e-08
6.133147e-09	5.991704e+02	2.035102e-08
6.593321e-09	6.074357e+02	2.035102e-08
7.118842e-09	6.157010e+02	2.035102e-08
7.754185e-09	6.239663e+02	2.035102e-08
8.582248e-09	6.322316e+02	2.035102e-08
9.755397e-09	6.404969e+02	2.035102e-08
1.154968e-08	6.487622e+02	2.035102e-08
1.445809e-08	6.570276e+02	2.035102e-08
1.934834e-08	6.652929e+02	2.035102e-08
2.772648e-08	6.735582e+02	2.035102e-08
4.216979e-08	6.818235e+02	2.035102e-08
6.702752e-08	6.900888e+02	2.035102e-08
1.095371e-07	6.983541e+02	2.035102e-08
1.815732e-07	7.066194e+02	2.035102e-08
3.023408e-07	7.148847e+02	2.035102e-08
5.024440e-07	7.231500e+02	2.035102e-08
1.578185e-10	3.181500e+02	2.046122e-08
1.826236e-10	3.264153e+02	2.046122e-08
2.115843e-10	3.346806e+02	2.046122e-08
2.451279e-10	3.429459e+02	2.046122e-08
2.836918e-10	3.512112e+02	2.046122e-08
3.277207e-10	3.594765e+02	2.046122e-08
3.776646e-10	3.677418e+02	2.046122e-08
4.339764e-10	3.760071e+02	2.046122e-08
4.971114e-10	3.842724e+02	2.046122e-08
5.675242e-10	3.925378e+02	2.046122e-08
6.456654e-10	4.008031e+02	2.046122e-08
7.319848e-10	4.090684e+02	2.046122e-08
8.269269e-10	4.173337e+02	2.046122e-08
9.309309e-10	4.255990e+02	2.046122e-08
1.044430e-09	4.338643e+02	2.046122e-08
1.167851e-09	4.421296e+02	2.046122e-08
1.301613e-09	4.503949e+02	2.046122e-08
1.446130e-09	4.586602e+02	2.046122e-08
1.601807e-09	4.669255e+02	2.046122e-08
1.769041e-09	4.751908e+02	2.046122e-08
1.948227e-09	4.834561e+02	2.046122e-08
2.139749e-09	4.917214e+02	2.046122e-08
2.343988e-09	4.999867e+02	2.046122e-08
2.561320e-09	5.082520e+02	2.046122e-08
2.792119e-09	5.165173e+02	2.046122e-08
3.036758e-09	5.247827e+02	2.046122e-08
3.295612e-09	5.330480e+02	2.046122e-08
3.569075e-09	5.413133e+02	2.046122e-08
3.857579e-09	5.495786e+02	2.046122e-08
4.161640e-09	5.578439e+02	2.046122e-08
4.481956e-09	5.661092e+02	2.046122e-08
4.819605e-09	5.743745e+02	2.046122e-08
5.176438e-09	5.826398e+02	2.046122e-08
5.555858e-09	5.909051e+02	2.046122e-08
5.964322e-09	5.991704e+02	2.046122e-08
6.414186e-09	6.074357e+02	2.046122e-08
6.929004e-09	6.157010e+02	2.046122e-08
7.553243e-09	6.239663e+02	2.046122e-08
8.369795e-09	6.322316e+02	2.046122e-08
9.531012e-09	6.404969e+02	2.046122e-08
1.131293e-08	6.487622e+02	2.046122e-08
1.420854e-08	6.570276e+02	2.046122e-08
1.908553e-08	6.652929e+02	2.046122e-08
2.744995e-08	6.735582e+02	2.046122e-08
4.187905e-08	6.818235e+02	2.046122e-08
6.672208e-08	6.900888e+02	2.046122e-08
1.092165e-07	6.983541e+02	2.046122e-08
1.812368e-07	7.066194e+02	2.046122e-08
3.019881e-07	7.148847e+02	2.046122e-08
5.020744e-07	7.231500e+02	2.046122e-08
1.536308e-10	3.181500e+02	2.057143e-08
1.775207e-10	3.264153e+02	2.057143e-08
2.054316e-10	3.346806e+02	2.057143e-08
2.377802e-10	3.429459e+02	2.057143e-08
2.749933e-10	3.512112e+02	2.057143e-08
3.175056e-10	3.594765e+02	2.057143e-08
3.657571e-10	3.677418e+02	2.057143e-08
4.201909e-10	3.760071e+02	2.057143e-08
4.812530e-10	3.842724e+02	2.057143e-08
5.493891e-10	3.925378e+02	2.057143e-08
6.250410e-10	4.008031e+02	2.057143e-08
7.086501e-10	4.090684e+02	2.057143e-08
8.006532e-10	4.173337e+02	2.057143e-08
9.014816e-10	4.255990e+02	2.057143e-08
1.011562e-09	4.338643e+02	2.057143e-08
1.131312e-09	4.421296e+02	2.057143e-08
1.261148e-09	4.503949e+02	2.057143e-08
1.401473e-09	4.586602e+02	2.057143e-08
1.552689e-09	4.669255e+02	2.057143e-08
1.715187e-09	4.751908e+02	2.057143e-08
1.889354e-09	4.834561e+02	2.057143e-08
2.075571e-09	4.917214e+02	2.057143e-08
2.274211e-09	4.999867e+02	2.057143e-08
2.485647e-09	5.082520e+02	2.057143e-08
2.710246e-09	5.165173e+02	2.057143e-08
2.948377e-09	5.247827e+02	2.057143e-08
3.200407e-09	5.330480e+02	2.057143e-08
3.466728e-09	5.413133e+02	2.057143e-08
3.747764e-09	5.495786e+02	2.057143e-08
4.044027e-09	5.578439e+02	2.057143e-08
4.356208e-09	5.661092e+02	2.057143e-08
4.685379e-09	5.743745e+02	2.057143e-08
5.033384e-09	5.826398e+02	2.057143e-08
5.403622e-09	5.909051e+02	2.057143e-08
5.802540e-09	5.991704e+02	2.057143e-08
6.242488e-09	6.074357e+02	2.057143e-08
6.747011e-09	6.157010e+02	2.057143e-08
7.360570e-09	6.239663e+02	2.057143e-08
8.166046e-09	6.322316e+02	2.057143e-08
9.315783e-09	6.404969e+02	2.057143e-08
1.108581e-08	6.487622e+02	2.057143e-08
1.396910e-08	6.570276e+02	2.057143e-08
1.883333e-08	6.652929e+02	2.057143e-08
2.718453e-08	6.735582e+02	2.057143e-08
4.159997e-08	6.818235e+02	2.057143e-08
6.642884e-08	6.900888e+02	2.057143e-08
1.089086e-07	6.983541e+02	2.057143e-08
1.809138e-07	7.066194e+02	2.057143e-08
3.016493e-07	7.148847e+02	2.057143e-08
5.017194e-07	7.231500e+02	2.057143e-08
1.496820e-10	3.181500e+02	2.068163e-08
1.727033e-10	3.264153e+02	2.068163e-08
1.996169e-10	3.346806e+02	2.068163e-08
2.308295e-10	3.429459e+02	2.068163e-08
2.667577e-10	3.512112e+02	2.068163e-08
3.078263e-10	3.594765e+02	2.068163e-08
3.544658e-10	3.677418e+02	2.068163e-08
4.071098e-10	3.760071e+02	2.068163e-08
4.661952e-10	3.842724e+02	2.068163e-08
5.321589e-10	3.925378e+02	2.068163e-08
6.054343e-10	4.008031e+02	2.068163e-08
6.864548e-10	4.090684e+02	2.068163e-08
7.756493e-10	4.173337e+02	2.068163e-08
8.734418e-10	4.255990e+02	2.068163e-08
9.802512e-10	4.338643e+02	2.068163e-08
1.096490e-09	4.421296e+02	2.068163e-08
1.222566e-09	4.503949e+02	2.068163e-08
1.358878e-09	4.586602e+02	2.068163e-08
1.505820e-09	4.669255e+02	2.068163e-08
1.663779e-09	4.751908e+02	2.068163e-08
1.833135e-09	4.834561e+02	2.068163e-08
2.014264e-09	4.917214e+02	2.068163e-08
2.207535e-09	4.999867e+02	2.068163e-08
2.413313e-09	5.082520e+02	2.068163e-08
2.631961e-09	5.165173e+02	2.068163e-08
2.863843e-09	5.247827e+02	2.068163e-08
3.109322e-09	5.330480e+02	2.068163e-08
3.368782e-09	5.413133e+02	2.068163e-08
3.642644e-09	5.495786e+02	2.068163e-08
3.931413e-09	5.578439e+02	2.068163e-08
4.235775e-09	5.661092e+02	2.068163e-08
4.556795e-09	5.743745e+02	2.068163e-08
4.896314e-09	5.826398e+02	2.068163e-08
5.257720e-09	5.909051e+02	2.068163e-08
5.647457e-09	5.991704e+02	2.068163e-08
6.077865e-09	6.074357e+02	2.068163e-08
6.572485e-09	6.157010e+02	2.068163e-08
7.175767e-09	6.239663e+02	2.068163e-08
7.970584e-09	6.322316e+02	2.068163e-08
9.109272e-09	6.404969e+02	2.068163e-08
1.086785e-08	6.487622e+02	2.068163e-08
1.373928e-08	6.570276e+02	2.068163e-08
1.859122e-08	6.652929e+02	2.068163e-08
2.692971e-08	6.735582e+02	2.068163e-08
4.133198e-08	6.818235e+02	2.068163e-08
6.614722e-08	6.900888e+02	2.068163e-08
1.086128e-07	6.983541e+02	2.068163e-08
1.806034e-07	7.066194e+02	2.068163e-08
3.013239e-07	7.148847e+02	2.068163e-08
5.013782e-07	7.231500e+02	2.068163e-08
1.459558e-10	3.181500e+02	2.079184e-08
1.681519e-10	3.264153e+02	2.079184e-08
1.941174e-10	3.346806e+02	2.079184e-08
2.242492e-10	3.429459e+02	2.079184e-08
2.589542e-10	3.512112e+02	2.079184e-08
2.986476e-10	3.594765e+02	2.079184e-08
3.437504e-10	3.677418e+02	2.079184e-08
3.946874e-10	3.760071e+02	2.079184e-08
4.518864e-10	3.842724e+02	2.079184e-08
5.157758e-10	3.925378e+02	2.079184e-08
5.867810e-10	4.008031e+02	2.079184e-08
6.653272e-10	4.090684e+02	2.079184e-08
7.518359e-10	4.173337e+02	2.079184e-08
8.467239e-10	4.255990e+02	2.079184e-08
9.504032e-10	4.338643e+02	2.079184e-08
1.063280e-09	4.421296e+02	2.079184e-08
1.185754e-09	4.503949e+02	2.079184e-08
1.318220e-09	4.586602e+02	2.079184e-08
1.461065e-09	4.669255e+02	2.079184e-08
1.614671e-09	4.751908e+02	2.079184e-08
1.779412e-09	4.834561e+02	2.079184e-08
1.955659e-09	4.917214e+02	2.079184e-08
2.143775e-09	4.999867e+02	2.079184e-08
2.344121e-09	5.082520e+02	2.079184e-08
2.557054e-09	5.165173e+02	2.079184e-08
2.782934e-09	5.247827e+02	2.079184e-08
3.022117e-09	5.330480e+02	2.079184e-08
3.274983e-09	5.413133e+02	2.079184e-08
3.541948e-09	5.495786e+02	2.079184e-08
3.823511e-09	5.578439e+02	2.079184e-08
4.120353e-09	5.661092e+02	2.079184e-08
4.433534e-09	5.743745e+02	2.079184e-08
4.764885e-09	5.826398e+02	2.079184e-08
5.117794e-09	5.909051e+02	2.079184e-08
5.498695e-09	5.991704e+02	2.079184e-08
5.919921e-09	6.074357e+02	2.079184e-08
6.405006e-09	6.157010e+02	2.079184e-08
6.998394e-09	6.239663e+02	2.079184e-08
7.782948e-09	6.322316e+02	2.079184e-08
8.910995e-09	6.404969e+02	2.079184e-08
1.065854e-08	6.487622e+02	2.079184e-08
1.351855e-08	6.570276e+02	2.079184e-08
1.835866e-08	6.652929e+02	2.079184e-08
2.668490e-08	6.735582e+02	2.079184e-08
4.107448e-08	6.818235e+02	2.079184e-08
6.587659e-08	6.900888e+02	2.079184e-08
1.083286e-07	6.983541e+02	2.079184e-08
1.803051e-07	7.066194e+02	2.079184e-08
3.010110e-07	7.148847e+02	2.079184e-08
5.010503e-07	7.231500e+02	2.079184e-08
1.424381e-10	3.181500e+02	2.090204e-08
1.638500e-10	3.264153e+02	2.090204e-08
1.889139e-10	3.346806e+02	2.090204e-08
2.180171e-10	3.429459e+02	2.090204e-08
2.515572e-10	3.512112e+02	2.090204e-08
2.899400e-10	3.594765e+02	2.090204e-08
3.335776e-10	3.677418e+02	2.090204e-08
3.828858e-10	3.760071e+02	2.090204e-08
4.382839e-10	3.842724e+02	2.090204e-08
5.001920e-10	3.925378e+02	2.090204e-08
5.690275e-10	4.008031e+02	2.090204e-08
6.452081e-10	4.090684e+02	2.090204e-08
7.291476e-10	4.173337e+02	2.090204e-08
8.212560e-10	4.255990e+02	2.090204e-08
9.219383e-10	4.338643e+02	2.090204e-08
1.031594e-09	4.421296e+02	2.090204e-08
1.150618e-09	4.503949e+02	2.090204e-08
1.279397e-09	4.586602e+02	2.090204e-08
1.418314e-09	4.669255e+02	2.090204e-08
1.567744e-09	4.751908e+02	2.090204e-08
1.728057e-09	4.834561e+02	2.090204e-08
1.899618e-09	4.917214e+02	2.090204e-08
2.082784e-09	4.999867e+02	2.090204e-08
2.277913e-09	5.082520e+02	2.090204e-08
2.485356e-09	5.165173e+02	2.090204e-08
2.705467e-09	5.247827e+02	2.090204e-08
2.938599e-09	5.330480e+02	2.090204e-08
3.185126e-09	5.413133e+02	2.090204e-08
3.445459e-09	5.495786e+02	2.090204e-08
3.720091e-09	5.578439e+02	2.090204e-08
4.009699e-09	5.661092e+02	2.090204e-08
4.315336e-09	5.743745e+02	2.090204e-08
4.638830e-09	5.826398e+02	2.090204e-08
4.983559e-09	5.909051e+02	2.090204e-08
5.355953e-09	5.991704e+02	2.090204e-08
5.768340e-09	6.074357e+02	2.090204e-08
6.244244e-09	6.157010e+02	2.090204e-08
6.828103e-09	6.239663e+02	2.090204e-08
7.602771e-09	6.322316e+02	2.090204e-08
8.720568e-09	6.404969e+02	2.090204e-08
1.045749e-08	6.487622e+02	2.090204e-08
1.330649e-08	6.570276e+02	2.090204e-08
1.813521e-08	6.652929e+02	2.090204e-08
2.644964e-08	6.735582e+02	2.090204e-08
4.082700e-08	6.818235e+02	2.090204e-08
6.561645e-08	6.900888e+02	2.090204e-08
1.080554e-07	6.983541e+02	2.090204e-08
1.800183e-07	7.066194e+02	2.090204e-08
3.007101e-07	7.148847e+02	2.090204e-08
5.007349e-07	7.231500e+02	2.090204e-08
1.391152e-10	3.181500e+02	2.101224e-08
1.597813e-10	3.264153e+02	2.101224e-08
1.839871e-10	3.346806e+02	2.101224e-08
2.121107e-10	3.429459e+02	2.101224e-08
2.445406e-10	3.512112e+02	2.101224e-08
2.816737e-10	3.594765e+02	2.101224e-08
3.239132e-10	3.677418e+02	2.101224e-08
3.716664e-10	3.760071e+02	2.101224e-08
4.253443e-10	3.842724e+02	2.101224e-08
4.853588e-10	3.925378e+02	2.101224e-08
5.521196e-10	4.008031e+02	2.101224e-08
6.260369e-10	4.090684e+02	2.101224e-08
7.075174e-10	4.173337e+02	2.101224e-08
7.969641e-10	4.255990e+02	2.101224e-08
8.947753e-10	4.338643e+02	2.101224e-08
1.001345e-09	4.421296e+02	2.101224e-08
1.117060e-09	4.503949e+02	2.101224e-08
1.242303e-09	4.586602e+02	2.101224e-08
1.377451e-09	4.669255e+02	2.101224e-08
1.522873e-09	4.751908e+02	2.101224e-08
1.678935e-09	4.834561e+02	2.101224e-08
1.845995e-09	4.917214e+02	2.101224e-08
2.024407e-09	4.999867e+02	2.101224e-08
2.214523e-09	5.082520e+02	2.101224e-08
2.416688e-09	5.165173e+02	2.101224e-08
2.631253e-09	5.247827e+02	2.101224e-08
2.858566e-09	5.330480e+02	2.101224e-08
3.098996e-09	5.413133e+02	2.101224e-08
3.352947e-09	5.495786e+02	2.101224e-08
3.620910e-09	5.578439e+02	2.101224e-08
3.903555e-09	5.661092e+02	2.101224e-08
4.201930e-09	5.743745e+02	2.101224e-08
4.517858e-09	5.826398e+02	2.101224e-08
4.854710e-09	5.909051e+02	2.101224e-08
5.218912e-09	5.991704e+02	2.101224e-08
5.622782e-09	6.074357e+02	2.101224e-08
6.089841e-09	6.157010e+02	2.101224e-08
6.664518e-09	6.239663e+02	2.101224e-08
7.429660e-09	6.322316e+02	2.101224e-08
8.537580e-09	6.404969e+02	2.101224e-08
1.026427e-08	6.487622e+02	2.101224e-08
1.310265e-08	6.570276e+02	2.101224e-08
1.792038e-08	6.652929e+02	2.101224e-08
2.622343e-08	6.735582e+02	2.101224e-08
4.058900e-08	6.818235e+02	2.101224e-08
6.536625e-08	6.900888e+02	2.101224e-08
1.077925e-07	6.983541e+02	2.101224e-08
1.797424e-07	7.066194e+02	2.101224e-08
3.004207e-07	7.148847e+02	2.101224e-08
5.004314e-07	7.231500e+02	2.101224e-08
1.359745e-10	3.181500e+02	2.112245e-08
1.559308e-10	3.264153e+02	2.112245e-08
1.793194e-10	3.346806e+02	2.112245e-08
2.065095e-10	3.429459e+02	2.112245e-08
2.378807e-10	3.512112e+02	2.112245e-08
2.738214e-10	3.594765e+02	2.112245e-08
3.147260e-10	3.677418e+02	2.112245e-08
3.609937e-10	3.760071e+02	2.112245e-08
4.130272e-10	3.842724e+02	2.112245e-08
4.712308e-10	3.925378e+02	2.112245e-08
5.360066e-10	4.008031e+02	2.112245e-08
6.077573e-10	4.090684e+02	2.112245e-08
6.868828e-10	4.173337e+02	2.112245e-08
7.737792e-10	4.255990e+02	2.112245e-08
8.688386e-10	4.338643e+02	2.112245e-08
9.724481e-10	4.421296e+02	2.112245e-08
1.084990e-09	4.503949e+02	2.112245e-08
1.206840e-09	4.586602e+02	2.112245e-08
1.338370e-09	4.669255e+02	2.112245e-08
1.479943e-09	4.751908e+02	2.112245e-08
1.631921e-09	4.834561e+02	2.112245e-08
1.794656e-09	4.917214e+02	2.112245e-08
1.968499e-09	4.999867e+02	2.112245e-08
2.153794e-09	5.082520e+02	2.112245e-08
2.350884e-09	5.165173e+02	2.112245e-08
2.560115e-09	5.247827e+02	2.112245e-08
2.781828e-09	5.330480e+02	2.112245e-08
3.016389e-09	5.413133e+02	2.112245e-08
3.264198e-09	5.495786e+02	2.112245e-08
3.525740e-09	5.578439e+02	2.112245e-08
3.801680e-09	5.661092e+02	2.112245e-08
4.093061e-09	5.743745e+02	2.112245e-08
4.401699e-09	5.826398e+02	2.112245e-08
4.730962e-09	5.909051e+02	2.112245e-08
5.087269e-09	5.991704e+02	2.112245e-08
5.482932e-09	6.074357e+02	2.112245e-08
5.941465e-09	6.157010e+02	2.112245e-08
6.507291e-09	6.239663e+02	2.112245e-08
7.263249e-09	6.322316e+02	2.112245e-08
8.361643e-09	6.404969e+02	2.112245e-08
1.007845e-08	6.487622e+02	2.112245e-08
1.290661e-08	6.570276e+02	2.112245e-08
1.771373e-08	6.652929e+02	2.112245e-08
2.600580e-08	6.735582e+02	2.112245e-08
4.036001e-08	6.818235e+02	2.112245e-08
6.512549e-08	6.900888e+02	2.112245e-08
1.075396e-07	6.983541e+02	2.112245e-08
1.794768e-07	7.066194e+02	2.112245e-08
3.001420e-07	7.148847e+02	2.112245e-08
5.001392e-07	7.231500e+02	2.112245e-08
1.330048e-10	3.181500e+02	2.123265e-08
1.522854e-10	3.264153e+02	2.123265e-08
1.748955e-10	3.346806e+02	2.123265e-08
2.011957e-10	3.429459e+02	2.123265e-08
2.315570e-10	3.512112e+02	2.123265e-08
2.663594e-10	3.594765e+02	2.123265e-08
3.059891e-10	3.677418e+02	2.123265e-08
3.508372e-10	3.760071e+02	2.123265e-08
4.012985e-10	3.842724e+02	2.123265e-08
4.577698e-10	3.925378e+02	2.123265e-08
5.206456e-10	4.008031e+02	2.123265e-08
5.903218e-10	4.090684e+02	2.123265e-08
6.671911e-10	4.173337e+02	2.123265e-08
7.516434e-10	4.255990e+02	2.123265e-08
8.440642e-10	4.338643e+02	2.123265e-08
9.448348e-10	4.421296e+02	2.123265e-08
1.054331e-09	4.503949e+02	2.123265e-08
1.172924e-09	4.586602e+02	2.123265e-08
1.300980e-09	4.669255e+02	2.123265e-08
1.438857e-09	4.751908e+02	2.123265e-08
1.586910e-09	4.834561e+02	2.123265e-08
1.745489e-09	4.917214e+02	2.123265e-08
1.914938e-09	4.999867e+02	2.123265e-08
2.095597e-09	5.082520e+02	2.123265e-08
2.287806e-09	5.165173e+02	2.123265e-08
2.491903e-09	5.247827e+02	2.123265e-08
2.708228e-09	5.330480e+02	2.123265e-08
2.937140e-09	5.413133e+02	2.123265e-08
3.179035e-09	5.495786e+02	2.123265e-08
3.434393e-09	5.578439e+02	2.123265e-08
3.703874e-09	5.661092e+02	2.123265e-08
3.988516e-09	5.743745e+02	2.123265e-08
4.290131e-09	5.826398e+02	2.123265e-08
4.612081e-09	5.909051e+02	2.123265e-08
4.960778e-09	5.991704e+02	2.123265e-08
5.348530e-09	6.074357e+02	2.123265e-08
5.798842e-09	6.157010e+02	2.123265e-08
6.356133e-09	6.239663e+02	2.123265e-08
7.103234e-09	6.322316e+02	2.123265e-08
8.192441e-09	6.404969e+02	2.123265e-08
9.899728e-09	6.487622e+02	2.123265e-08
1.271801e-08	6.570276e+02	2.123265e-08
1.751491e-08	6.652929e+02	2.123265e-08
2.579639e-08	6.735582e+02	2.123265e-08
4.013962e-08	6.818235e+02	2.123265e-08
6.489375e-08	6.900888e+02	2.123265e-08
1.072961e-07	6.983541e+02	2.123265e-08
1.792211e-07	7.066194e+02	2.123265e-08
2.998737e-07	7.148847e+02	2.123265e-08
4.998578e-07	7.231500e+02	2.123265e-08
1.301950e-10	3.181500e+02	2.134286e-08
1.488319e-10	3.264153e+02	2.134286e-08
1.706997e-10	3.346806e+02	2.134286e-08
1.961509e-10	3.429459e+02	2.134286e-08
2.255481e-10	3.512112e+02	2.134286e-08
2.592632e-10	3.594765e+02	2.134286e-08
2.976744e-10	3.677418e+02	2.134286e-08
3.411650e-10	3.760071e+02	2.134286e-08
3.901222e-10	3.842724e+02	2.134286e-08
4.449350e-10	3.925378e+02	2.134286e-08
5.059912e-10	4.008031e+02	2.134286e-08
5.736795e-10	4.090684e+02	2.134286e-08
6.483861e-10	4.173337e+02	2.134286e-08
7.304943e-10	4.255990e+02	2.134286e-08
8.203836e-10	4.338643e+02	2.134286e-08
9.184294e-10	4.421296e+02	2.134286e-08
1.025002e-09	4.503949e+02	2.134286e-08
1.140467e-09	4.586602e+02	2.134286e-08
1.265184e-09	4.669255e+02	2.134286e-08
1.399508e-09	4.751908e+02	2.134286e-08
1.543788e-09	4.834561e+02	2.134286e-08
1.698370e-09	4.917214e+02	2.134286e-08
1.863592e-09	4.999867e+02	2.134286e-08
2.039791e-09	5.082520e+02	2.134286e-08
2.227300e-09	5.165173e+02	2.134286e-08
2.426456e-09	5.247827e+02	2.134286e-08
2.637591e-09	5.330480e+02	2.134286e-08
2.861062e-09	5.413133e+02	2.134286e-08
3.097260e-09	5.495786e+02	2.134286e-08
3.346659e-09	5.578439e+02	2.134286e-08
3.609915e-09	5.661092e+02	2.134286e-08
3.888062e-09	5.743745e+02	2.134286e-08
4.182906e-09	5.826398e+02	2.134286e-08
4.497803e-09	5.909051e+02	2.134286e-08
4.839161e-09	5.991704e+02	2.134286e-08
5.219281e-09	6.074357e+02	2.134286e-08
5.661664e-09	6.157010e+02	2.134286e-08
6.210719e-09	6.239663e+02	2.134286e-08
6.949274e-09	6.322316e+02	2.134286e-08
8.029616e-09	6.404969e+02	2.134286e-08
9.727712e-09	6.487622e+02	2.134286e-08
1.253647e-08	6.570276e+02	2.134286e-08
1.732349e-08	6.652929e+02	2.134286e-08
2.559475e-08	6.735582e+02	2.134286e-08
3.992739e-08	6.818235e+02	2.134286e-08
6.467054e-08	6.900888e+02	2.134286e-08
1.070615e-07	6.983541e+02	2.134286e-08
1.789748e-07	7.066194e+02	2.134286e-08
2.996152e-07	7.148847e+02	2.134286e-08
4.995867e-07	7.231500e+02	2.134286e-08
1.275356e-10	3.181500e+02	2.145306e-08
1.455591e-10	3.264153e+02	2.145306e-08
1.667190e-10	3.346806e+02	2.145306e-08
1.913598e-10	3.429459e+02	2.145306e-08
2.198365e-10	3.512112e+02	2.145306e-08
2.525126e-10	3.594765e+02	2.145306e-08
2.897589e-10	3.677418e+02	2.145306e-08
3.319509e-10	3.760071e+02	2.145306e-08
3.794683e-10	3.842724e+02	2.145306e-08
4.326932e-10	3.925378e+02	2.145306e-08
4.920061e-10	4.008031e+02	2.145306e-08
5.577891e-10	4.090684e+02	2.145306e-08
6.304219e-10	4.173337e+02	2.145306e-08
7.102815e-10	4.255990e+02	2.145306e-08
7.977414e-10	4.338643e+02	2.145306e-08
8.931711e-10	4.421296e+02	2.145306e-08
9.969356e-10	4.503949e+02	2.145306e-08
1.109395e-09	4.586602e+02	2.145306e-08
1.230904e-09	4.669255e+02	2.145306e-08
1.361812e-09	4.751908e+02	2.145306e-08
1.502464e-09	4.834561e+02	2.145306e-08
1.653200e-09	4.917214e+02	2.145306e-08
1.814355e-09	4.999867e+02	2.145306e-08
1.986261e-09	5.082520e+02	2.145306e-08
2.169246e-09	5.165173e+02	2.145306e-08
2.363643e-09	5.247827e+02	2.145306e-08
2.569780e-09	5.330480e+02	2.145306e-08
2.788009e-09	5.413133e+02	2.145306e-08
3.018716e-09	5.495786e+02	2.145306e-08
3.262372e-09	5.578439e+02	2.145306e-08
3.519627e-09	5.661092e+02	2.145306e-08
3.791512e-09	5.743745e+02	2.145306e-08
4.079826e-09	5.826398e+02	2.145306e-08
4.387921e-09	5.909051e+02	2.145306e-08
4.722199e-09	5.991704e+02	2.145306e-08
5.094957e-09	6.074357e+02	2.145306e-08
5.529688e-09	6.157010e+02	2.145306e-08
6.070798e-09	6.239663e+02	2.145306e-08
6.801104e-09	6.322316e+02	2.145306e-08
7.872889e-09	6.404969e+02	2.145306e-08
9.562111e-09	6.487622e+02	2.145306e-08
1.236167e-08	6.570276e+02	2.145306e-08
1.713916e-08	6.652929e+02	2.145306e-08
2.540054e-08	6.735582e+02	2.145306e-08
3.972296e-08	6.818235e+02	2.145306e-08
6.445553e-08	6.900888e+02	2.145306e-08
1.068355e-07	6.983541e+02	2.145306e-08
1.787375e-07	7.066194e+02	2.145306e-08
2.993661e-07	7.148847e+02	2.145306e-08
4.993254e-07	7.231500e+02	2.145306e-08
1.250171e-10	3.181500e+02	2.156327e-08
1.424554e-10	3.264153e+02	2.156327e-08
1.629397e-10	3.346806e+02	2.156327e-08
1.868067e-10	3.429459e+02	2.156327e-08
2.144035e-10	3.512112e+02	2.156327e-08
2.460863e-10	3.594765e+02	2.156327e-08
2.822181e-10	3.677418e+02	2.156327e-08
3.231670e-10	3.760071e+02	2.156327e-08
3.693056e-10	3.842724e+02	2.156327e-08
4.210088e-10	3.925378e+02	2.156327e-08
4.786506e-10	4.008031e+02	2.156327e-08
5.426062e-10	4.090684e+02	2.156327e-08
6.132492e-10	4.173337e+02	2.156327e-08
6.909504e-10	4.255990e+02	2.156327e-08
7.760774e-10	4.338643e+02	2.156327e-08
8.689940e-10	4.421296e+02	2.156327e-08
9.700599e-10	4.503949e+02	2.156327e-08
1.079630e-09	4.586602e+02	2.156327e-08
1.198053e-09	4.669255e+02	2.156327e-08
1.325675e-09	4.751908e+02	2.156327e-08
1.462836e-09	4.834561e+02	2.156327e-08
1.609871e-09	4.917214e+02	2.156327e-08
1.767110e-09	4.999867e+02	2.156327e-08
1.934881e-09	5.082520e+02	2.156327e-08
2.113509e-09	5.165173e+02	2.156327e-08
2.303320e-09	5.247827e+02	2.156327e-08
2.504640e-09	5.330480e+02	2.156327e-08
2.717816e-09	5.413133e+02	2.156327e-08
2.943229e-09	5.495786e+02	2.156327e-08
3.181346e-09	5.578439e+02	2.156327e-08
3.432814e-09	5.661092e+02	2.156327e-08
3.698656e-09	5.743745e+02	2.156327e-08
3.980670e-09	5.826398e+02	2.156327e-08
4.282201e-09	5.909051e+02	2.156327e-08
4.609646e-09	5.991704e+02	2.156327e-08
4.975297e-09	6.074357e+02	2.156327e-08
5.402641e-09	6.157010e+02	2.156327e-08
5.936077e-09	6.239663e+02	2.156327e-08
6.658418e-09	6.322316e+02	2.156327e-08
7.721940e-09	6.404969e+02	2.156327e-08
9.402591e-09	6.487622e+02	2.156327e-08
1.219327e-08	6.570276e+02	2.156327e-08
1.696155e-08	6.652929e+02	2.156327e-08
2.521339e-08	6.735582e+02	2.156327e-08
3.952593e-08	6.818235e+02	2.156327e-08
6.424826e-08	6.900888e+02	2.156327e-08
1.066177e-07	6.983541e+02	2.156327e-08
1.785086e-07	7.066194e+02	2.156327e-08
2.991259e-07	7.148847e+02	2.156327e-08
4.990734e-07	7.231500e+02	2.156327e-08
1.226313e-10	3.181500e+02	2.167347e-08
1.395112e-10	3.264153e+02	2.167347e-08
1.593505e-10	3.346806e+02	2.167347e-08
1.824783e-10	3.429459e+02	2.167347e-08
2.092341e-10	3.512112e+02	2.167347e-08
2.399667e-10	3.594765e+02	2.167347e-08
2.750319e-10	3.677418e+02	2.167347e-08
3.147905e-10	3.760071e+02	2.167347e-08
3.596082e-10	3.842724e+02	2.167347e-08
4.098530e-10	3.925378e+02	2.167347e-08
4.658922e-10	4.008031e+02	2.167347e-08
5.280948e-10	4.090684e+02	2.167347e-08
5.968280e-10	4.173337e+02	2.167347e-08
6.724568e-10	4.255990e+02	2.167347e-08
7.553429e-10	4.338643e+02	2.167347e-08
8.458448e-10	4.421296e+02	2.167347e-08
9.443166e-10	4.503949e+02	2.167347e-08
1.051108e-09	4.586602e+02	2.167347e-08
1.166564e-09	4.669255e+02	2.167347e-08
1.291025e-09	4.751908e+02	2.167347e-08
1.424825e-09	4.834561e+02	2.167347e-08
1.568296e-09	4.917214e+02	2.167347e-08
1.721765e-09	4.999867e+02	2.167347e-08
1.885553e-09	5.082520e+02	2.167347e-08
2.059982e-09	5.165173e+02	2.167347e-08
2.245373e-09	5.247827e+02	2.167347e-08
2.442050e-09	5.330480e+02	2.167347e-08
2.650353e-09	5.413133e+02	2.167347e-08
2.870661e-09	5.495786e+02	2.167347e-08
3.103436e-09	5.578439e+02	2.167347e-08
3.349320e-09	5.661092e+02	2.167347e-08
3.609333e-09	5.743745e+02	2.167347e-08
3.885266e-09	5.826398e+02	2.167347e-08
4.180461e-09	5.909051e+02	2.167347e-08
4.501310e-09	5.991704e+02	2.167347e-08
4.860099e-09	6.074357e+02	2.167347e-08
5.280310e-09	6.157010e+02	2.167347e-08
5.806336e-09	6.239663e+02	2.167347e-08
6.520983e-09	6.322316e+02	2.167347e-08
7.576522e-09	6.404969e+02	2.167347e-08
9.248893e-09	6.487622e+02	2.167347e-08
1.203098e-08	6.570276e+02	2.167347e-08
1.679038e-08	6.652929e+02	2.167347e-08
2.503300e-08	6.735582e+02	2.167347e-08
3.933599e-08	6.818235e+02	2.167347e-08
6.404843e-08	6.900888e+02	2.167347e-08
1.064076e-07	6.983541e+02	2.167347e-08
1.782879e-07	7.066194e+02	2.167347e-08
2.988942e-07	7.148847e+02	2.167347e-08
4.988303e-07	7.231500e+02	2.167347e-08
1.203700e-10	3.181500e+02	2.178367e-08
1.367169e-10	3.264153e+02	2.178367e-08
1.559400e-10	3.346806e+02	2.178367e-08
1.783611e-10	3.429459e+02	2.178367e-08
2.043125e-10	3.512112e+02	2.178367e-08
2.341358e-10	3.594765e+02	2.178367e-08
2.681796e-10	3.677418e+02	2.178367e-08
3.067979e-10	3.760071e+02	2.178367e-08
3.503494e-10	3.842724e+02	2.178367e-08
3.991955e-10	3.925378e+02	2.178367e-08
4.536972e-10	4.008031e+02	2.178367e-08
5.142172e-10	4.090684e+02	2.178367e-08
5.811164e-10	4.173337e+02	2.178367e-08
6.547543e-10	4.255990e+02	2.178367e-08
7.354869e-10	4.338643e+02	2.178367e-08
8.236673e-10	4.421296e+02	2.178367e-08
9.196444e-10	4.503949e+02	2.178367e-08
1.023763e-09	4.586602e+02	2.178367e-08
1.136363e-09	4.669255e+02	2.178367e-08
1.257780e-09	4.751908e+02	2.178367e-08
1.388344e-09	4.834561e+02	2.178367e-08
1.528383e-09	4.917214e+02	2.178367e-08
1.678218e-09	4.999867e+02	2.178367e-08
1.838168e-09	5.082520e+02	2.178367e-08
2.008549e-09	5.165173e+02	2.178367e-08
2.189680e-09	5.247827e+02	2.178367e-08
2.381877e-09	5.330480e+02	2.178367e-08
2.585480e-09	5.413133e+02	2.178367e-08
2.800863e-09	5.495786e+02	2.178367e-08
3.028483e-09	5.578439e+02	2.178367e-08
3.268977e-09	5.661092e+02	2.178367e-08
3.523362e-09	5.743745e+02	2.178367e-08
3.793424e-09	5.826398e+02	2.178367e-08
4.082501e-09	5.909051e+02	2.178367e-08
4.396979e-09	5.991704e+02	2.178367e-08
4.749139e-09	6.074357e+02	2.178367e-08
5.162459e-09	6.157010e+02	2.178367e-08
5.681325e-09	6.239663e+02	2.178367e-08
6.388539e-09	6.322316e+02	2.178367e-08
7.436362e-09	6.404969e+02	2.178367e-08
9.100732e-09	6.487622e+02	2.178367e-08
1.187452e-08	6.570276e+02	2.178367e-08
1.662532e-08	6.652929e+02	2.178367e-08
2.485903e-08	6.735582e+02	2.178367e-08
3.915278e-08	6.818235e+02	2.178367e-08
6.385567e-08	6.900888e+02	2.178367e-08
1.062049e-07	6.983541e+02	2.178367e-08
1.780750e-07	7.066194e+02	2.178367e-08
2.986706e-07	7.148847e+02	2.178367e-08
4.985957e-07	7.231500e+02	2.178367e-08
1.182256e-10	3.181500e+02	2.189388e-08
1.340634e-10	3.264153e+02	2.189388e-08
1.526975e-10	3.346806e+02	2.189388e-08
1.744426e-10	3.429459e+02	2.189388e-08
1.996242e-10	3.512112e+02	2.189388e-08
2.285767e-10	3.594765e+02	2.189388e-08
2.616419e-10	3.677418e+02	2.189388e-08
2.991671e-10	3.760071e+02	2.189388e-08
3.415043e-10	3.842724e+02	2.189388e-08
3.890084e-10	3.925378e+02	2.189388e-08
4.420341e-10	4.008031e+02	2.189388e-08
5.009380e-10	4.090684e+02	2.189388e-08
5.660754e-10	4.173337e+02	2.189388e-08
6.377996e-10	4.255990e+02	2.189388e-08
7.164616e-10	4.338643e+02	2.189388e-08
8.024090e-10	4.421296e+02	2.189388e-08
8.959856e-10	4.503949e+02	2.189388e-08
9.975313e-10	4.586602e+02	2.189388e-08
1.107381e-09	4.669255e+02	2.189388e-08
1.225867e-09	4.751908e+02	2.189388e-08
1.353314e-09	4.834561e+02	2.189388e-08
1.490045e-09	4.917214e+02	2.189388e-08
1.636377e-09	4.999867e+02	2.189388e-08
1.792626e-09	5.082520e+02	2.189388e-08
1.959103e-09	5.165173e+02	2.189388e-08
2.136123e-09	5.247827e+02	2.189388e-08
2.324000e-09	5.330480e+02	2.189388e-08
2.523067e-09	5.413133e+02	2.189388e-08
2.733695e-09	5.495786e+02	2.189388e-08
2.956337e-09	5.578439e+02	2.189388e-08
3.191627e-09	5.661092e+02	2.189388e-08
3.440576e-09	5.743745e+02	2.189388e-08
3.704967e-09	5.826398e+02	2.189388e-08
3.988133e-09	5.909051e+02	2.189388e-08
4.296455e-09	5.991704e+02	2.189388e-08
4.642209e-09	6.074357e+02	2.189388e-08
5.048869e-09	6.157010e+02	2.189388e-08
5.560814e-09	6.239663e+02	2.189388e-08
6.260841e-09	6.322316e+02	2.189388e-08
7.301206e-09	6.404969e+02	2.189388e-08
8.957837e-09	6.487622e+02	2.189388e-08
1.172361e-08	6.570276e+02	2.189388e-08
1.646608e-08	6.652929e+02	2.189388e-08
2.469118e-08	6.735582e+02	2.189388e-08
3.897600e-08	6.818235e+02	2.189388e-08
6.366963e-08	6.900888e+02	2.189388e-08
1.060093e-07	6.983541e+02	2.189388e-08
1.778695e-07	7.066194e+02	2.189388e-08
2.984548e-07	7.148847e+02	2.189388e-08
4.983693e-07	7.231500e+02	2.189388e-08
1.161916e-10	3.181500e+02	2.200408e-08
1.315429e-10	3.264153e+02	2.200408e-08
1.496138e-10	3.346806e+02	2.200408e-08
1.707122e-10	3.429459e+02	2.200408e-08
1.951568e-10	3.512112e+02	2.200408e-08
2.232753e-10	3.594765e+02	2.200408e-08
2.554027e-10	3.677418e+02	2.200408e-08
2.918797e-10	3.760071e+02	2.200408e-08
3.330520e-10	3.842724e+02	2.200408e-08
3.792681e-10	3.925378e+02	2.200408e-08
4.308765e-10	4.008031e+02	2.200408e-08
4.882281e-10	4.090684e+02	2.200408e-08
5.516722e-10	4.173337e+02	2.200408e-08
6.215567e-10	4.255990e+02	2.200408e-08
6.982272e-10	4.338643e+02	2.200408e-08
7.820262e-10	4.421296e+02	2.200408e-08
8.732925e-10	4.503949e+02	2.200408e-08
9.723612e-10	4.586602e+02	2.200408e-08
1.079563e-09	4.669255e+02	2.200408e-08
1.195224e-09	4.751908e+02	2.200408e-08
1.319667e-09	4.834561e+02	2.200408e-08
1.453209e-09	4.917214e+02	2.200408e-08
1.596165e-09	4.999867e+02	2.200408e-08
1.748844e-09	5.082520e+02	2.200408e-08
1.911556e-09	5.165173e+02	2.200408e-08
2.084610e-09	5.247827e+02	2.200408e-08
2.268316e-09	5.330480e+02	2.200408e-08
2.463005e-09	5.413133e+02	2.200408e-08
2.669042e-09	5.495786e+02	2.200408e-08
2.886878e-09	5.578439e+02	2.200408e-08
3.117142e-09	5.661092e+02	2.200408e-08
3.360840e-09	5.743745e+02	2.200408e-08
3.619752e-09	5.826398e+02	2.200408e-08
3.897206e-09	5.909051e+02	2.200408e-08
4.199578e-09	5.991704e+02	2.200408e-08
4.539141e-09	6.074357e+02	2.200408e-08
4.939362e-09	6.157010e+02	2.200408e-08
5.444616e-09	6.239663e+02	2.200408e-08
6.137694e-09	6.322316e+02	2.200408e-08
7.170846e-09	6.404969e+02	2.200408e-08
8.819994e-09	6.487622e+02	2.200408e-08
1.157800e-08	6.570276e+02	2.200408e-08
1.631243e-08	6.652929e+02	2.200408e-08
2.452919e-08	6.735582e+02	2.200408e-08
3.880538e-08	6.818235e+02	2.200408e-08
6.349006e-08	6.900888e+02	2.200408e-08
1.058205e-07	6.983541e+02	2.200408e-08
1.776710e-07	7.066194e+02	2.200408e-08
2.982464e-07	7.148847e+02	2.200408e-08
4.981505e-07	7.231500e+02	2.200408e-08
1.142614e-10	3.181500e+02	2.211429e-08
1.291474e-10	3.264153e+02	2.211429e-08
1.466794e-10	3.346806e+02	2.211429e-08
1.671587e-10	3.429459e+02	2.211429e-08
1.908973e-10	3.512112e+02	2.211429e-08
2.182163e-10	3.594765e+02	2.211429e-08
2.494444e-10	3.677418e+02	2.211429e-08
2.849158e-10	3.760071e+02	2.211429e-08
3.249698e-10	3.842724e+02	2.211429e-08
3.699488e-10	3.925378e+02	2.211429e-08
4.201957e-10	4.008031e+02	2.211429e-08
4.760550e-10	4.090684e+02	2.211429e-08
5.378709e-10	4.173337e+02	2.211429e-08
6.059857e-10	4.255990e+02	2.211429e-08
6.807398e-10	4.338643e+02	2.211429e-08
7.624705e-10	4.421296e+02	2.211429e-08
8.515121e-10	4.503949e+02	2.211429e-08
9.481946e-10	4.586602e+02	2.211429e-08
1.052844e-09	4.669255e+02	2.211429e-08
1.165784e-09	4.751908e+02	2.211429e-08
1.287330e-09	4.834561e+02	2.211429e-08
1.417797e-09	4.917214e+02	2.211429e-08
1.557495e-09	4.999867e+02	2.211429e-08
1.706730e-09	5.082520e+02	2.211429e-08
1.865807e-09	5.165173e+02	2.211429e-08
2.035032e-09	5.247827e+02	2.211429e-08
2.214711e-09	5.330480e+02	2.211429e-08
2.405172e-09	5.413133e+02	2.211429e-08
2.606775e-09	5.495786e+02	2.211429e-08
2.819966e-09	5.578439e+02	2.211429e-08
3.045373e-09	5.661092e+02	2.211429e-08
3.283996e-09	5.743745e+02	2.211429e-08
3.537611e-09	5.826398e+02	2.211429e-08
3.809542e-09	5.909051e+02	2.211429e-08
4.106163e-09	5.991704e+02	2.211429e-08
4.439738e-09	6.074357e+02	2.211429e-08
4.833731e-09	6.157010e+02	2.211429e-08
5.332513e-09	6.239663e+02	2.211429e-08
6.018868e-09	6.322316e+02	2.211429e-08
7.045041e-09	6.404969e+02	2.211429e-08
8.686948e-09	6.487622e+02	2.211429e-08
1.143745e-08	6.570276e+02	2.211429e-08
1.616409e-08	6.652929e+02	2.211429e-08
2.437278e-08	6.735582e+02	2.211429e-08
3.864061e-08	6.818235e+02	2.211429e-08
6.331662e-08	6.900888e+02	2.211429e-08
1.056381e-07	6.983541e+02	2.211429e-08
1.774793e-07	7.066194e+02	2.211429e-08
2.980451e-07	7.148847e+02	2.211429e-08
4.979392e-07	7.231500e+02	2.211429e-08
1.124292e-10	3.181500e+02	2.222449e-08
1.268702e-10	3.264153e+02	2.222449e-08
1.438864e-10	3.346806e+02	2.222449e-08
1.637728e-10	3.429459e+02	2.222449e-08
1.868349e-10	3.512112e+02	2.222449e-08
2.133875e-10	3.594765e+02	2.222449e-08
2.437529e-10	3.677418e+02	2.222449e-08
2.782591e-10	3.760071e+02	2.222449e-08
3.172394e-10	3.842724e+02	2.222449e-08
3.610302e-10	3.925378e+02	2.222449e-08
4.099684e-10	4.008031e+02	2.222449e-08
4.643932e-10	4.090684e+02	2.222449e-08
5.246430e-10	4.173337e+02	2.222449e-08
5.910550e-10	4.255990e+02	2.222449e-08
6.639644e-10	4.338643e+02	2.222449e-08
7.437038e-10	4.421296e+02	2.222449e-08
8.306024e-10	4.503949e+02	2.222449e-08
9.249859e-10	4.586602e+02	2.222449e-08
1.027176e-09	4.669255e+02	2.222449e-08
1.137491e-09	4.751908e+02	2.222449e-08
1.256244e-09	4.834561e+02	2.222449e-08
1.383745e-09	4.917214e+02	2.222449e-08
1.520299e-09	4.999867e+02	2.222449e-08
1.666210e-09	5.082520e+02	2.222449e-08
1.821778e-09	5.165173e+02	2.222449e-08
1.987307e-09	5.247827e+02	2.222449e-08
2.163097e-09	5.330480e+02	2.222449e-08
2.349472e-09	5.413133e+02	2.222449e-08
2.546791e-09	5.495786e+02	2.222449e-08
2.755495e-09	5.578439e+02	2.222449e-08
2.976206e-09	5.661092e+02	2.222449e-08
3.209924e-09	5.743745e+02	2.222449e-08
3.458418e-09	5.826398e+02	2.222449e-08
3.725009e-09	5.909051e+02	2.222449e-08
4.016066e-09	5.991704e+02	2.222449e-08
4.343849e-09	6.074357e+02	2.222449e-08
4.731818e-09	6.157010e+02	2.222449e-08
5.224338e-09	6.239663e+02	2.222449e-08
5.904188e-09	6.322316e+02	2.222449e-08
6.923607e-09	6.404969e+02	2.222449e-08
8.558507e-09	6.487622e+02	2.222449e-08
1.130174e-08	6.570276e+02	2.222449e-08
1.602085e-08	6.652929e+02	2.222449e-08
2.422172e-08	6.735582e+02	2.222449e-08
3.848145e-08	6.818235e+02	2.222449e-08
6.314908e-08	6.900888e+02	2.222449e-08
1.054618e-07	6.983541e+02	2.222449e-08
1.772941e-07	7.066194e+02	2.222449e-08
2.978505e-07	7.148847e+02	2.222449e-08
4.977350e-07	7.231500e+02	2.222449e-08
1.106892e-10	3.181500e+02	2.233469e-08
1.247044e-10	3.264153e+02	2.233469e-08
1.412267e-10	3.346806e+02	2.233469e-08
1.605449e-10	3.429459e+02	2.233469e-08
1.829584e-10	3.512112e+02	2.233469e-08
2.087758e-10	3.594765e+02	2.233469e-08
2.383132e-10	3.677418e+02	2.233469e-08
2.718927e-10	3.760071e+02	2.233469e-08
3.098415e-10	3.842724e+02	2.233469e-08
3.524903e-10	3.925378e+02	2.233469e-08
4.001702e-10	4.008031e+02	2.233469e-08
4.532150e-10	4.090684e+02	2.233469e-08
5.119579e-10	4.173337e+02	2.233469e-08
5.767307e-10	4.255990e+02	2.233469e-08
6.478637e-10	4.338643e+02	2.233469e-08
7.256847e-10	4.421296e+02	2.233469e-08
8.105182e-10	4.503949e+02	2.233469e-08
9.026855e-10	4.586602e+02	2.233469e-08
1.002504e-09	4.669255e+02	2.233469e-08
1.110288e-09	4.751908e+02	2.233469e-08
1.226345e-09	4.834561e+02	2.233469e-08
1.350983e-09	4.917214e+02	2.233469e-08
1.484504e-09	4.999867e+02	2.233469e-08
1.627205e-09	5.082520e+02	2.233469e-08
1.779384e-09	5.165173e+02	2.233469e-08
1.941341e-09	5.247827e+02	2.233469e-08
2.113374e-09	5.330480e+02	2.233469e-08
2.295801e-09	5.413133e+02	2.233469e-08
2.488979e-09	5.495786e+02	2.233469e-08
2.693344e-09	5.578439e+02	2.233469e-08
2.909516e-09	5.661092e+02	2.233469e-08
3.138489e-09	5.743745e+02	2.233469e-08
3.382030e-09	5.826398e+02	2.233469e-08
3.643456e-09	5.909051e+02	2.233469e-08
3.929129e-09	5.991704e+02	2.233469e-08
4.251308e-09	6.074357e+02	2.233469e-08
4.633447e-09	6.157010e+02	2.233469e-08
5.119905e-09	6.239663e+02	2.233469e-08
5.793459e-09	6.322316e+02	2.233469e-08
6.806340e-09	6.404969e+02	2.233469e-08
8.434455e-09	6.487622e+02	2.233469e-08
1.117065e-08	6.570276e+02	2.233469e-08
1.588246e-08	6.652929e+02	2.233469e-08
2.407577e-08	6.735582e+02	2.233469e-08
3.832766e-08	6.818235e+02	2.233469e-08
6.298717e-08	6.900888e+02	2.233469e-08
1.052915e-07	6.983541e+02	2.233469e-08
1.771150e-07	7.066194e+02	2.233469e-08
2.976624e-07	7.148847e+02	2.233469e-08
4.975375e-07	7.231500e+02	2.233469e-08
1.090362e-10	3.181500e+02	2.244490e-08
1.226436e-10	3.264153e+02	2.244490e-08
1.386926e-10	3.346806e+02	2.244490e-08
1.574661e-10	3.429459e+02	2.244490e-08
1.792574e-10	3.512112e+02	2.244490e-08
2.043692e-10	3.594765e+02	2.244490e-08
2.331116e-10	3.677418e+02	2.244490e-08
2.658007e-10	3.760071e+02	2.244490e-08
3.027581e-10	3.842724e+02	2.244490e-08
3.443087e-10	3.925378e+02	2.244490e-08
3.907782e-10	4.008031e+02	2.244490e-08
4.424950e-10	4.090684e+02	2.244490e-08
4.997870e-10	4.173337e+02	2.244490e-08
5.629811e-10	4.255990e+02	2.244490e-08
6.324026e-10	4.338643e+02	2.244490e-08
7.083745e-10	4.421296e+02	2.244490e-08
7.912171e-10	4.503949e+02	2.244490e-08
8.812470e-10	4.586602e+02	2.244490e-08
9.787776e-10	4.669255e+02	2.244490e-08
1.084118e-09	4.751908e+02	2.244490e-08
1.197575e-09	4.834561e+02	2.244490e-08
1.319449e-09	4.917214e+02	2.244490e-08
1.450038e-09	4.999867e+02	2.244490e-08
1.589639e-09	5.082520e+02	2.244490e-08
1.738545e-09	5.165173e+02	2.244490e-08
1.897050e-09	5.247827e+02	2.244490e-08
2.065450e-09	5.330480e+02	2.244490e-08
2.244061e-09	5.413133e+02	2.244490e-08
2.433234e-09	5.495786e+02	2.244490e-08
2.633403e-09	5.578439e+02	2.244490e-08
2.845183e-09	5.661092e+02	2.244490e-08
3.069566e-09	5.743745e+02	2.244490e-08
3.308314e-09	5.826398e+02	2.244490e-08
3.564739e-09	5.909051e+02	2.244490e-08
3.845202e-09	5.991704e+02	2.244490e-08
4.161956e-09	6.074357e+02	2.244490e-08
4.538450e-09	6.157010e+02	2.244490e-08
5.019039e-09	6.239663e+02	2.244490e-08
5.686495e-09	6.322316e+02	2.244490e-08
6.693044e-09	6.404969e+02	2.244490e-08
8.314586e-09	6.487622e+02	2.244490e-08
1.104396e-08	6.570276e+02	2.244490e-08
1.574870e-08	6.652929e+02	2.244490e-08
2.393468e-08	6.735582e+02	2.244490e-08
3.817898e-08	6.818235e+02	2.244490e-08
6.283062e-08	6.900888e+02	2.244490e-08
1.051268e-07	6.983541e+02	2.244490e-08
1.769419e-07	7.066194e+02	2.244490e-08
2.974805e-07	7.148847e+02	2.244490e-08
4.973465e-07	7.231500e+02	2.244490e-08
1.074656e-10	3.181500e+02	2.255510e-08
1.206824e-10	3.264153e+02	2.255510e-08
1.362778e-10	3.346806e+02	2.255510e-08
1.545289e-10	3.429459e+02	2.255510e-08
1.757232e-10	3.512112e+02	2.255510e-08
2.001576e-10	3.594765e+02	2.255510e-08
2.281364e-10	3.677418e+02	2.255510e-08
2.599699e-10	3.760071e+02	2.255510e-08
2.959742e-10	3.842724e+02	2.255510e-08
3.364685e-10	3.925378e+02	2.255510e-08
3.817734e-10	4.008031e+02	2.255510e-08
4.322118e-10	4.090684e+02	2.255510e-08
4.881066e-10	4.173337e+02	2.255510e-08
5.497798e-10	4.255990e+02	2.255510e-08
6.175521e-10	4.338643e+02	2.255510e-08
6.917416e-10	4.421296e+02	2.255510e-08
7.726643e-10	4.503949e+02	2.255510e-08
8.606325e-10	4.586602e+02	2.255510e-08
9.559554e-10	4.669255e+02	2.255510e-08
1.058938e-09	4.751908e+02	2.255510e-08
1.169883e-09	4.834561e+02	2.255510e-08
1.289088e-09	4.917214e+02	2.255510e-08
1.416847e-09	4.999867e+02	2.255510e-08
1.553452e-09	5.082520e+02	2.255510e-08
1.699194e-09	5.165173e+02	2.255510e-08
1.854363e-09	5.247827e+02	2.255510e-08
2.019251e-09	5.330480e+02	2.255510e-08
2.194171e-09	5.413133e+02	2.255510e-08
2.379471e-09	5.495786e+02	2.255510e-08
2.575581e-09	5.578439e+02	2.255510e-08
2.783112e-09	5.661092e+02	2.255510e-08
3.003053e-09	5.743745e+02	2.255510e-08
3.237163e-09	5.826398e+02	2.255510e-08
3.488748e-09	5.909051e+02	2.255510e-08
3.764166e-09	5.991704e+02	2.255510e-08
4.075667e-09	6.074357e+02	2.255510e-08
4.446695e-09	6.157010e+02	2.255510e-08
4.921601e-09	6.239663e+02	2.255510e-08
5.583150e-09	6.322316e+02	2.255510e-08
6.583565e-09	6.404969e+02	2.255510e-08
8.198741e-09	6.487622e+02	2.255510e-08
1.092151e-08	6.570276e+02	2.255510e-08
1.561940e-08	6.652929e+02	2.255510e-08
2.379828e-08	6.735582e+02	2.255510e-08
3.803521e-08	6.818235e+02	2.255510e-08
6.267922e-08	6.900888e+02	2.255510e-08
1.049675e-07	6.983541e+02	2.255510e-08
1.767744e-07	7.066194e+02	2.255510e-08
2.973045e-07	7.148847e+02	2.255510e-08
4.971617e-07	7.231500e+02	2.255510e-08
1.059726e-10	3.181500e+02	2.266531e-08
1.188149e-10	3.264153e+02	2.266531e-08
1.339753e-10	3.346806e+02	2.266531e-08
1.517251e-10	3.429459e+02	2.266531e-08
1.723463e-10	3.512112e+02	2.266531e-08
1.961300e-10	3.594765e+02	2.266531e-08
2.233748e-10	3.677418e+02	2.266531e-08
2.543858e-10	3.760071e+02	2.266531e-08
2.894731e-10	3.842724e+02	2.266531e-08
3.289510e-10	3.925378e+02	2.266531e-08
3.731346e-10	4.008031e+02	2.266531e-08
4.223417e-10	4.090684e+02	2.266531e-08
4.768904e-10	4.173337e+02	2.266531e-08
5.370977e-10	4.255990e+02	2.266531e-08
6.032796e-10	4.338643e+02	2.266531e-08
6.757501e-10	4.421296e+02	2.266531e-08
7.548203e-10	4.503949e+02	2.266531e-08
8.407988e-10	4.586602e+02	2.266531e-08
9.339903e-10	4.669255e+02	2.266531e-08
1.034697e-09	4.751908e+02	2.266531e-08
1.143215e-09	4.834561e+02	2.266531e-08
1.259841e-09	4.917214e+02	2.266531e-08
1.384865e-09	4.999867e+02	2.266531e-08
1.518574e-09	5.082520e+02	2.266531e-08
1.661256e-09	5.165173e+02	2.266531e-08
1.813199e-09	5.247827e+02	2.266531e-08
1.974690e-09	5.330480e+02	2.266531e-08
2.146040e-09	5.413133e+02	2.266531e-08
2.327591e-09	5.495786e+02	2.266531e-08
2.519772e-09	5.578439e+02	2.266531e-08
2.723191e-09	5.661092e+02	2.266531e-08
2.938831e-09	5.743745e+02	2.266531e-08
3.168449e-09	5.826398e+02	2.266531e-08
3.415347e-09	5.909051e+02	2.266531e-08
3.685880e-09	5.991704e+02	2.266531e-08
3.992292e-09	6.074357e+02	2.266531e-08
4.358023e-09	6.157010e+02	2.266531e-08
4.827422e-09	6.239663e+02	2.266531e-08
5.483248e-09	6.322316e+02	2.266531e-08
6.477718e-09	6.404969e+02	2.266531e-08
8.086723e-09	6.487622e+02	2.266531e-08
1.080309e-08	6.570276e+02	2.266531e-08
1.549434e-08	6.652929e+02	2.266531e-08
2.366633e-08	6.735582e+02	2.266531e-08
3.789613e-08	6.818235e+02	2.266531e-08
6.253274e-08	6.900888e+02	2.266531e-08
1.048133e-07	6.983541e+02	2.266531e-08
1.766123e-07	7.066194e+02	2.266531e-08
2.971342e-07	7.148847e+02	2.266531e-08
4.969829e-07	7.231500e+02	2.266531e-08
1.045530e-10	3.181500e+02	2.277551e-08
1.170364e-10	3.264153e+02	2.277551e-08
1.317795e-10	3.346806e+02	2.277551e-08
1.490483e-10	3.429459e+02	2.277551e-08
1.691191e-10	3.512112e+02	2.277551e-08
1.922775e-10	3.594765e+02	2.277551e-08
2.188169e-10	3.677418e+02	2.277551e-08
2.490366e-10	3.760071e+02	2.277551e-08
2.832418e-10	3.842724e+02	2.277551e-08
3.217412e-10	3.925378e+02	2.277551e-08
3.648450e-10	4.008031e+02	2.277551e-08
4.128661e-10	4.090684e+02	2.277551e-08
4.661174e-10	4.173337e+02	2.277551e-08
5.249116e-10	4.255990e+02	2.277551e-08
5.895598e-10	4.338643e+02	2.277551e-08
6.603718e-10	4.421296e+02	2.277551e-08
7.376545e-10	4.503949e+02	2.277551e-08
8.217121e-10	4.586602e+02	2.277551e-08
9.128457e-10	4.669255e+02	2.277551e-08
1.011353e-09	4.751908e+02	2.277551e-08
1.117528e-09	4.834561e+02	2.277551e-08
1.231661e-09	4.917214e+02	2.277551e-08
1.354041e-09	4.999867e+02	2.277551e-08
1.484951e-09	5.082520e+02	2.277551e-08
1.624674e-09	5.165173e+02	2.277551e-08
1.773496e-09	5.247827e+02	2.277551e-08
1.931701e-09	5.330480e+02	2.277551e-08
2.099595e-09	5.413133e+02	2.277551e-08
2.277519e-09	5.495786e+02	2.277551e-08
2.465898e-09	5.578439e+02	2.277551e-08
2.665334e-09	5.661092e+02	2.277551e-08
2.876810e-09	5.743745e+02	2.277551e-08
3.102077e-09	5.826398e+02	2.277551e-08
3.344437e-09	5.909051e+02	2.277551e-08
3.610236e-09	5.991704e+02	2.277551e-08
3.911718e-09	6.074357e+02	2.277551e-08
4.272318e-09	6.157010e+02	2.277551e-08
4.736379e-09	6.239663e+02	2.277551e-08
5.386658e-09	6.322316e+02	2.277551e-08
6.375366e-09	6.404969e+02	2.277551e-08
7.978390e-09	6.487622e+02	2.277551e-08
1.068855e-08	6.570276e+02	2.277551e-08
1.537336e-08	6.652929e+02	2.277551e-08
2.353868e-08	6.735582e+02	2.277551e-08
3.776156e-08	6.818235e+02	2.277551e-08
6.239099e-08	6.900888e+02	2.277551e-08
1.046642e-07	6.983541e+02	2.277551e-08
1.764554e-07	7.066194e+02	2.277551e-08
2.969693e-07	7.148847e+02	2.277551e-08
4.968098e-07	7.231500e+02	2.277551e-08
1.032030e-10	3.181500e+02	2.288571e-08
1.153420e-10	3.264153e+02	2.288571e-08
1.296846e-10	3.346806e+02	2.288571e-08
1.464913e-10	3.429459e+02	2.288571e-08
1.660333e-10	3.512112e+02	2.288571e-08
1.885907e-10	3.594765e+02	2.288571e-08
2.144516e-10	3.677418e+02	2.288571e-08
2.439101e-10	3.760071e+02	2.288571e-08
2.772660e-10	3.842724e+02	2.288571e-08
3.148232e-10	3.925378e+02	2.288571e-08
3.568867e-10	4.008031e+02	2.288571e-08
4.037645e-10	4.090684e+02	2.288571e-08
4.557651e-10	4.173337e+02	2.288571e-08
5.131962e-10	4.255990e+02	2.288571e-08
5.763648e-10	4.338643e+02	2.288571e-08
6.455761e-10	4.421296e+02	2.288571e-08
7.211330e-10	4.503949e+02	2.288571e-08
8.033357e-10	4.586602e+02	2.288571e-08
8.924813e-10	4.669255e+02	2.288571e-08
9.888637e-10	4.751908e+02	2.288571e-08
1.092773e-09	4.834561e+02	2.288571e-08
1.204497e-09	4.917214e+02	2.288571e-08
1.324320e-09	4.999867e+02	2.288571e-08
1.452522e-09	5.082520e+02	2.288571e-08
1.589383e-09	5.165173e+02	2.288571e-08
1.735185e-09	5.247827e+02	2.288571e-08
1.890209e-09	5.330480e+02	2.288571e-08
2.054758e-09	5.413133e+02	2.288571e-08
2.229170e-09	5.495786e+02	2.288571e-08
2.413866e-09	5.578439e+02	2.288571e-08
2.609446e-09	5.661092e+02	2.288571e-08
2.816888e-09	5.743745e+02	2.288571e-08
3.037941e-09	5.826398e+02	2.288571e-08
3.275900e-09	5.909051e+02	2.288571e-08
3.537113e-09	5.991704e+02	2.288571e-08
3.833816e-09	6.074357e+02	2.288571e-08
4.189442e-09	6.157010e+02	2.288571e-08
4.648329e-09	6.239663e+02	2.288571e-08
5.293229e-09	6.322316e+02	2.288571e-08
6.276351e-09	6.404969e+02	2.288571e-08
7.873574e-09	6.487622e+02	2.288571e-08
1.057771e-08	6.570276e+02	2.288571e-08
1.525628e-08	6.652929e+02	2.288571e-08
2.341512e-08	6.735582e+02	2.288571e-08
3.763128e-08	6.818235e+02	2.288571e-08
6.225376e-08	6.900888e+02	2.288571e-08
1.045197e-07	6.983541e+02	2.288571e-08
1.763035e-07	7.066194e+02	2.288571e-08
2.968097e-07	7.148847e+02	2.288571e-08
4.966421e-07	7.231500e+02	2.288571e-08
1.019185e-10	3.181500e+02	2.299592e-08
1.137271e-10	3.264153e+02	2.299592e-08
1.276850e-10	3.346806e+02	2.299592e-08
1.440479e-10	3.429459e+02	2.299592e-08
1.630815e-10	3.512112e+02	2.299592e-08
1.850608e-10	3.594765e+02	2.299592e-08
2.102688e-10	3.677418e+02	2.299592e-08
2.389944e-10	3.760071e+02	2.299592e-08
2.715325e-10	3.842724e+02	2.299592e-08
3.081818e-10	3.925378e+02	2.299592e-08
3.492426e-10	4.008031e+02	2.299592e-08
3.950182e-10	4.090684e+02	2.299592e-08
4.458122e-10	4.173337e+02	2.299592e-08
5.019281e-10	4.255990e+02	2.299592e-08
5.636684e-10	4.338643e+02	2.299592e-08
6.313342e-10	4.421296e+02	2.299592e-08
7.052242e-10	4.503949e+02	2.299592e-08
7.856347e-10	4.586602e+02	2.299592e-08
8.728590e-10	4.669255e+02	2.299592e-08
9.671872e-10	4.751908e+02	2.299592e-08
1.068906e-09	4.834561e+02	2.299592e-08
1.178300e-09	4.917214e+02	2.299592e-08
1.295649e-09	4.999867e+02	2.299592e-08
1.421230e-09	5.082520e+02	2.299592e-08
1.555321e-09	5.165173e+02	2.299592e-08
1.698199e-09	5.247827e+02	2.299592e-08
1.850144e-09	5.330480e+02	2.299592e-08
2.011455e-09	5.413133e+02	2.299592e-08
2.182465e-09	5.495786e+02	2.299592e-08
2.363592e-09	5.578439e+02	2.299592e-08
2.555436e-09	5.661092e+02	2.299592e-08
2.758968e-09	5.743745e+02	2.299592e-08
2.975936e-09	5.826398e+02	2.299592e-08
3.209631e-09	5.909051e+02	2.299592e-08
3.466397e-09	5.991704e+02	2.299592e-08
3.758466e-09	6.074357e+02	2.299592e-08
4.109268e-09	6.157010e+02	2.299592e-08
4.563138e-09	6.239663e+02	2.299592e-08
5.202821e-09	6.322316e+02	2.299592e-08
6.180523e-09	6.404969e+02	2.299592e-08
7.772117e-09	6.487622e+02	2.299592e-08
1.047041e-08	6.570276e+02	2.299592e-08
1.514292e-08	6.652929e+02	2.299592e-08
2.329548e-08	6.735582e+02	2.299592e-08
3.750513e-08	6.818235e+02	2.299592e-08
6.212085e-08	6.900888e+02	2.299592e-08
1.043798e-07	6.983541e+02	2.299592e-08
1.761563e-07	7.066194e+02	2.299592e-08
2.966550e-07	7.148847e+02	2.299592e-08
4.964796e-07	7.231500e+02	2.299592e-08
1.006964e-10	3.181500e+02	2.310612e-08
1.121877e-10	3.264153e+02	2.310612e-08
1.257763e-10	3.346806e+02	2.310612e-08
1.417125e-10	3.429459e+02	2.310612e-08
1.602573e-10	3.512112e+02	2.310612e-08
1.816805e-10	3.594765e+02	2.310612e-08
2.062601e-10	3.677418e+02	2.310612e-08
2.342802e-10	3.760071e+02	2.310612e-08
2.660304e-10	3.842724e+02	2.310612e-08
3.018049e-10	3.925378e+02	2.310612e-08
3.418990e-10	4.008031e+02	2.310612e-08
3.866115e-10	4.090684e+02	2.310612e-08
4.362414e-10	4.173337e+02	2.310612e-08
4.910880e-10	4.255990e+02	2.310612e-08
5.514494e-10	4.338643e+02	2.310612e-08
6.176226e-10	4.421296e+02	2.310612e-08
6.899024e-10	4.503949e+02	2.310612e-08
7.685810e-10	4.586602e+02	2.310612e-08
8.539482e-10	4.669255e+02	2.310612e-08
9.462905e-10	4.751908e+02	2.310612e-08
1.045891e-09	4.834561e+02	2.310612e-08
1.153031e-09	4.917214e+02	2.310612e-08
1.267986e-09	4.999867e+02	2.310612e-08
1.391031e-09	5.082520e+02	2.310612e-08
1.522441e-09	5.165173e+02	2.310612e-08
1.662489e-09	5.247827e+02	2.310612e-08
1.811451e-09	5.330480e+02	2.310612e-08
1.969624e-09	5.413133e+02	2.310612e-08
2.137339e-09	5.495786e+02	2.310612e-08
2.315010e-09	5.578439e+02	2.310612e-08
2.503231e-09	5.661092e+02	2.310612e-08
2.702975e-09	5.743745e+02	2.310612e-08
2.915983e-09	5.826398e+02	2.310612e-08
3.145544e-09	5.909051e+02	2.310612e-08
3.397998e-09	5.991704e+02	2.310612e-08
3.685574e-09	6.074357e+02	2.310612e-08
4.031697e-09	6.157010e+02	2.310612e-08
4.480699e-09	6.239663e+02	2.310612e-08
5.115322e-09	6.322316e+02	2.310612e-08
6.087765e-09	6.404969e+02	2.310612e-08
7.673900e-09	6.487622e+02	2.310612e-08
1.036653e-08	6.570276e+02	2.310612e-08
1.503316e-08	6.652929e+02	2.310612e-08
2.317961e-08	6.735582e+02	2.310612e-08
3.738294e-08	6.818235e+02	2.310612e-08
6.199211e-08	6.900888e+02	2.310612e-08
1.042443e-07	6.983541e+02	2.310612e-08
1.760138e-07	7.066194e+02	2.310612e-08
2.965051e-07	7.148847e+02	2.310612e-08
4.963222e-07	7.231500e+02	2.310612e-08
9.953308e-11	3.181500e+02	2.321633e-08
1.107197e-10	3.264153e+02	2.321633e-08
1.239532e-10	3.346806e+02	2.321633e-08
1.394792e-10	3.429459e+02	2.321633e-08
1.575537e-10	3.512112e+02	2.321633e-08
1.784418e-10	3.594765e+02	2.321633e-08
2.024163e-10	3.677418e+02	2.321633e-08
2.297565e-10	3.760071e+02	2.321633e-08
2.607474e-10	3.842724e+02	2.321633e-08
2.956782e-10	3.925378e+02	2.321633e-08
3.348399e-10	4.008031e+02	2.321633e-08
3.785266e-10	4.090684e+02	2.321633e-08
4.270330e-10	4.173337e+02	2.321633e-08
4.806539e-10	4.255990e+02	2.321633e-08
5.396834e-10	4.338643e+02	2.321633e-08
6.044144e-10	4.421296e+02	2.321633e-08
6.751377e-10	4.503949e+02	2.321633e-08
7.521420e-10	4.586602e+02	2.321633e-08
8.357133e-10	4.669255e+02	2.321633e-08
9.261344e-10	4.751908e+02	2.321633e-08
1.023685e-09	4.834561e+02	2.321633e-08
1.128643e-09	4.917214e+02	2.321633e-08
1.241281e-09	4.999867e+02	2.321633e-08
1.361871e-09	5.082520e+02	2.321633e-08
1.490684e-09	5.165173e+02	2.321633e-08
1.627990e-09	5.247827e+02	2.321633e-08
1.774063e-09	5.330480e+02	2.321633e-08
1.929195e-09	5.413133e+02	2.321633e-08
2.093716e-09	5.495786e+02	2.321633e-08
2.268036e-09	5.578439e+02	2.321633e-08
2.452747e-09	5.661092e+02	2.321633e-08
2.648816e-09	5.743745e+02	2.321633e-08
2.857983e-09	5.826398e+02	2.321633e-08
3.083535e-09	5.909051e+02	2.321633e-08
3.331805e-09	5.991704e+02	2.321633e-08
3.615022e-09	6.074357e+02	2.321633e-08
3.956606e-09	6.157010e+02	2.321633e-08
4.400884e-09	6.239663e+02	2.321633e-08
5.030595e-09	6.322316e+02	2.321633e-08
5.997935e-09	6.404969e+02	2.321633e-08
7.578768e-09	6.487622e+02	2.321633e-08
1.026590e-08	6.570276e+02	2.321633e-08
1.492681e-08	6.652929e+02	2.321633e-08
2.306735e-08	6.735582e+02	2.321633e-08
3.726454e-08	6.818235e+02	2.321633e-08
6.186734e-08	6.900888e+02	2.321633e-08
1.041129e-07	6.983541e+02	2.321633e-08
1.758756e-07	7.066194e+02	2.321633e-08
2.963598e-07	7.148847e+02	2.321633e-08
4.961695e-07	7.231500e+02	2.321633e-08
9.842578e-11	3.181500e+02	2.332653e-08
1.093197e-10	3.264153e+02	2.332653e-08
1.222119e-10	3.346806e+02	2.332653e-08
1.373434e-10	3.429459e+02	2.332653e-08
1.549653e-10	3.512112e+02	2.332653e-08
1.753380e-10	3.594765e+02	2.332653e-08
1.987297e-10	3.677418e+02	2.332653e-08
2.254148e-10	3.760071e+02	2.332653e-08
2.556738e-10	3.842724e+02	2.332653e-08
2.897911e-10	3.925378e+02	2.332653e-08
3.280532e-10	4.008031e+02	2.332653e-08
3.707499e-10	4.090684e+02	2.332653e-08
4.181714e-10	4.173337e+02	2.332653e-08
4.706086e-10	4.255990e+02	2.332653e-08
5.283513e-10	4.338643e+02	2.332653e-08
5.916886e-10	4.421296e+02	2.332653e-08
6.609074e-10	4.503949e+02	2.332653e-08
7.362927e-10	4.586602e+02	2.332653e-08
8.181268e-10	4.669255e+02	2.332653e-08
9.066893e-10	4.751908e+02	2.332653e-08
1.002257e-09	4.834561e+02	2.332653e-08
1.105102e-09	4.917214e+02	2.332653e-08
1.215497e-09	4.999867e+02	2.332653e-08
1.333710e-09	5.082520e+02	2.332653e-08
1.460006e-09	5.165173e+02	2.332653e-08
1.594657e-09	5.247827e+02	2.332653e-08
1.737930e-09	5.330480e+02	2.332653e-08
1.890116e-09	5.413133e+02	2.332653e-08
2.051540e-09	5.495786e+02	2.332653e-08
2.222611e-09	5.578439e+02	2.332653e-08
2.403918e-09	5.661092e+02	2.332653e-08
2.596424e-09	5.743745e+02	2.332653e-08
2.801866e-09	5.826398e+02	2.332653e-08
3.023527e-09	5.909051e+02	2.332653e-08
3.267739e-09	5.991704e+02	2.332653e-08
3.546726e-09	6.074357e+02	2.332653e-08
3.883904e-09	6.157010e+02	2.332653e-08
4.323598e-09	6.239663e+02	2.332653e-08
4.948542e-09	6.322316e+02	2.332653e-08
5.910927e-09	6.404969e+02	2.332653e-08
7.486614e-09	6.487622e+02	2.332653e-08
1.016840e-08	6.570276e+02	2.332653e-08
1.482377e-08	6.652929e+02	2.332653e-08
2.295856e-08	6.735582e+02	2.332653e-08
3.714979e-08	6.818235e+02	2.332653e-08
6.174641e-08	6.900888e+02	2.332653e-08
1.039856e-07	6.983541e+02	2.332653e-08
1.757416e-07	7.066194e+02	2.332653e-08
2.962190e-07	7.148847e+02	2.332653e-08
4.960215e-07	7.231500e+02	2.332653e-08
9.737147e-11	3.181500e+02	2.343673e-08
1.079840e-10	3.264153e+02	2.343673e-08
1.205479e-10	3.346806e+02	2.343673e-08
1.352997e-10	3.429459e+02	2.343673e-08
1.524860e-10	3.512112e+02	2.343673e-08
1.723624e-10	3.594765e+02	2.343673e-08
1.951925e-10	3.677418e+02	2.343673e-08
2.212461e-10	3.760071e+02	2.343673e-08
2.507990e-10	3.842724e+02	2.343673e-08
2.841314e-10	3.925378e+02	2.343673e-08
3.215253e-10	4.008031e+02	2.343673e-08
3.632661e-10	4.090684e+02	2.343673e-08
4.096399e-10	4.173337e+02	2.343673e-08
4.609333e-10	4.255990e+02	2.343673e-08
5.174324e-10	4.338643e+02	2.343673e-08
5.794221e-10	4.421296e+02	2.343673e-08
6.471860e-10	4.503949e+02	2.343673e-08
7.210051e-10	4.586602e+02	2.343673e-08
8.011584e-10	4.669255e+02	2.343673e-08
8.879219e-10	4.751908e+02	2.343673e-08
9.815689e-10	4.834561e+02	2.343673e-08
1.082370e-09	4.917214e+02	2.343673e-08
1.190592e-09	4.999867e+02	2.343673e-08
1.306501e-09	5.082520e+02	2.343673e-08
1.430360e-09	5.165173e+02	2.343673e-08
1.562436e-09	5.247827e+02	2.343673e-08
1.702995e-09	5.330480e+02	2.343673e-08
1.852324e-09	5.413133e+02	2.343673e-08
2.010746e-09	5.495786e+02	2.343673e-08
2.178666e-09	5.578439e+02	2.343673e-08
2.356670e-09	5.661092e+02	2.343673e-08
2.545719e-09	5.743745e+02	2.343673e-08
2.747547e-09	5.826398e+02	2.343673e-08
2.965433e-09	5.909051e+02	2.343673e-08
3.205706e-09	5.991704e+02	2.343673e-08
3.480586e-09	6.074357e+02	2.343673e-08
3.813488e-09	6.157010e+02	2.343673e-08
4.248730e-09	6.239663e+02	2.343673e-08
4.869045e-09	6.322316e+02	2.343673e-08
5.826619e-09	6.404969e+02	2.343673e-08
7.397309e-09	6.487622e+02	2.343673e-08
1.007390e-08	6.570276e+02	2.343673e-08
1.472389e-08	6.652929e+02	2.343673e-08
2.285310e-08	6.735582e+02	2.343673e-08
3.703853e-08	6.818235e+02	2.343673e-08
6.162914e-08	6.900888e+02	2.343673e-08
1.038621e-07	6.983541e+02	2.343673e-08
1.756116e-07	7.066194e+02	2.343673e-08
2.960823e-07	7.148847e+02	2.343673e-08
4.958779e-07	7.231500e+02	2.343673e-08
9.636735e-11	3.181500e+02	2.354694e-08
1.067092e-10	3.264153e+02	2.354694e-08
1.189573e-10	3.346806e+02	2.354694e-08
1.333436e-10	3.429459e+02	2.354694e-08
1.501103e-10	3.512112e+02	2.354694e-08
1.695084e-10	3.594765e+02	2.354694e-08
1.917970e-10	3.677418e+02	2.354694e-08
2.172415e-10	3.760071e+02	2.354694e-08
2.461134e-10	3.842724e+02	2.354694e-08
2.786881e-10	3.925378e+02	2.354694e-08
3.152436e-10	4.008031e+02	2.354694e-08
3.560610e-10	4.090684e+02	2.354694e-08
4.014223e-10	4.173337e+02	2.354694e-08
4.516102e-10	4.255990e+02	2.354694e-08
5.069067e-10	4.338643e+02	2.354694e-08
5.675933e-10	4.421296e+02	2.354694e-08
6.339494e-10	4.503949e+02	2.354694e-08
7.062528e-10	4.586602e+02	2.354694e-08
7.847790e-10	4.669255e+02	2.354694e-08
8.698007e-10	4.751908e+02	2.354694e-08
9.615878e-10	4.834561e+02	2.354694e-08
1.060407e-09	4.917214e+02	2.354694e-08
1.166524e-09	4.999867e+02	2.354694e-08
1.280201e-09	5.082520e+02	2.354694e-08
1.401697e-09	5.165173e+02	2.354694e-08
1.531277e-09	5.247827e+02	2.354694e-08
1.669204e-09	5.330480e+02	2.354694e-08
1.815762e-09	5.413133e+02	2.354694e-08
1.971271e-09	5.495786e+02	2.354694e-08
2.136134e-09	5.578439e+02	2.354694e-08
2.310933e-09	5.661092e+02	2.354694e-08
2.496628e-09	5.743745e+02	2.354694e-08
2.694947e-09	5.826398e+02	2.354694e-08
2.909168e-09	5.909051e+02	2.354694e-08
3.145616e-09	5.991704e+02	2.354694e-08
3.416510e-09	6.074357e+02	2.354694e-08
3.745257e-09	6.157010e+02	2.354694e-08
4.176177e-09	6.239663e+02	2.354694e-08
4.791994e-09	6.322316e+02	2.354694e-08
5.744894e-09	6.404969e+02	2.354694e-08
7.310728e-09	6.487622e+02	2.354694e-08
9.982283e-09	6.570276e+02	2.354694e-08
1.462704e-08	6.652929e+02	2.354694e-08
2.275081e-08	6.735582e+02	2.354694e-08
3.693061e-08	6.818235e+02	2.354694e-08
6.151539e-08	6.900888e+02	2.354694e-08
1.037423e-07	6.983541e+02	2.354694e-08
1.754855e-07	7.066194e+02	2.354694e-08
2.959497e-07	7.148847e+02	2.354694e-08
4.957386e-07	7.231500e+02	2.354694e-08
9.541105e-11	3.181500e+02	2.365714e-08
1.054926e-10	3.264153e+02	2.365714e-08
1.174367e-10	3.346806e+02	2.365714e-08
1.314711e-10	3.429459e+02	2.365714e-08
1.478334e-10	3.512112e+02	2.365714e-08
1.667706e-10	3.594765e+02	2.365714e-08
1.885371e-10	3.677418e+02	2.365714e-08
2.133941e-10	3.760071e+02	2.365714e-08
2.416086e-10	3.842724e+02	2.365714e-08
2.734519e-10	3.925378e+02	2.365714e-08
3.091977e-10	4.008031e+02	2.365714e-08
3.491230e-10	4.090684e+02	2.365714e-08
3.935059e-10	4.173337e+02	2.365714e-08
4.426250e-10	4.255990e+02	2.365714e-08
4.967587e-10	4.338643e+02	2.365714e-08
5.561844e-10	4.421296e+02	2.365714e-08
6.211784e-10	4.503949e+02	2.365714e-08
6.920149e-10	4.586602e+02	2.365714e-08
7.689658e-10	4.669255e+02	2.365714e-08
8.523006e-10	4.751908e+02	2.365714e-08
9.422861e-10	4.834561e+02	2.365714e-08
1.039187e-09	4.917214e+02	2.365714e-08
1.143263e-09	4.999867e+02	2.365714e-08
1.254775e-09	5.082520e+02	2.365714e-08
1.373981e-09	5.165173e+02	2.365714e-08
1.501140e-09	5.247827e+02	2.365714e-08
1.636515e-09	5.330480e+02	2.365714e-08
1.780385e-09	5.413133e+02	2.365714e-08
1.933069e-09	5.495786e+02	2.365714e-08
2.094965e-09	5.578439e+02	2.365714e-08
2.266654e-09	5.661092e+02	2.365714e-08
2.449092e-09	5.743745e+02	2.365714e-08
2.644005e-09	5.826398e+02	2.365714e-08
2.854668e-09	5.909051e+02	2.365714e-08
3.087402e-09	5.991704e+02	2.365714e-08
3.354423e-09	6.074357e+02	2.365714e-08
3.679137e-09	6.157010e+02	2.365714e-08
4.105857e-09	6.239663e+02	2.365714e-08
4.717306e-09	6.322316e+02	2.365714e-08
5.665664e-09	6.404969e+02	2.365714e-08
7.226780e-09	6.487622e+02	2.365714e-08
9.893435e-09	6.570276e+02	2.365714e-08
1.453311e-08	6.652929e+02	2.365714e-08
2.265161e-08	6.735582e+02	2.365714e-08
3.682593e-08	6.818235e+02	2.365714e-08
6.140503e-08	6.900888e+02	2.365714e-08
1.036260e-07	6.983541e+02	2.365714e-08
1.753632e-07	7.066194e+02	2.365714e-08
2.958211e-07	7.148847e+02	2.365714e-08
4.956033e-07	7.231500e+02	2.365714e-08
9.450001e-11	3.181500e+02	2.376735e-08
1.043310e-10	3.264153e+02	2.376735e-08
1.159824e-10	3.346806e+02	2.376735e-08
1.296777e-10	3.429459e+02	2.376735e-08
1.456504e-10	3.512112e+02	2.376735e-08
1.641430e-10	3.594765e+02	2.376735e-08
1.854058e-10	3.677418e+02	2.376735e-08
2.096958e-10	3.760071e+02	2.376735e-08
2.372755e-10	3.842724e+02	2.376735e-08
2.684123e-10	3.925378e+02	2.376735e-08
3.033758e-10	4.008031e+02	2.376735e-08
3.424388e-10	4.090684e+02	2.376735e-08
3.858756e-10	4.173337e+02	2.376735e-08
4.339609e-10	4.255990e+02	2.376735e-08
4.869694e-10	4.338643e+02	2.376735e-08
5.451750e-10	4.421296e+02	2.376735e-08
6.088504e-10	4.503949e+02	2.376735e-08
6.782662e-10	4.586602e+02	2.376735e-08
7.536913e-10	4.669255e+02	2.376735e-08
8.353918e-10	4.751908e+02	2.376735e-08
9.236314e-10	4.834561e+02	2.376735e-08
1.018671e-09	4.917214e+02	2.376735e-08
1.120770e-09	4.999867e+02	2.376735e-08
1.230184e-09	5.082520e+02	2.376735e-08
1.347167e-09	5.165173e+02	2.376735e-08
1.471979e-09	5.247827e+02	2.376735e-08
1.604876e-09	5.330480e+02	2.376735e-08
1.746138e-09	5.413133e+02	2.376735e-08
1.896079e-09	5.495786e+02	2.376735e-08
2.055095e-09	5.578439e+02	2.376735e-08
2.223765e-09	5.661092e+02	2.376735e-08
2.403040e-09	5.743745e+02	2.376735e-08
2.594644e-09	5.826398e+02	2.376735e-08
2.801851e-09	5.909051e+02	2.376735e-08
3.030978e-09	5.991704e+02	2.376735e-08
3.294236e-09	6.074357e+02	2.376735e-08
3.615029e-09	6.157010e+02	2.376735e-08
4.037668e-09	6.239663e+02	2.376735e-08
4.644871e-09	6.322316e+02	2.376735e-08
5.588816e-09	6.404969e+02	2.376735e-08
7.145345e-09	6.487622e+02	2.376735e-08
9.807238e-09	6.570276e+02	2.376735e-08
1.444197e-08	6.652929e+02	2.376735e-08
2.255533e-08	6.735582e+02	2.376735e-08
3.672434e-08	6.818235e+02	2.376735e-08
6.129792e-08	6.900888e+02	2.376735e-08
1.035132e-07	6.983541e+02	2.376735e-08
1.752444e-07	7.066194e+02	2.376735e-08
2.956961e-07	7.148847e+02	2.376735e-08
4.954720e-07	7.231500e+02	2.376735e-08
9.363213e-11	3.181500e+02	2.387755e-08
1.032219e-10	3.264153e+02	2.387755e-08
1.145914e-10	3.346806e+02	2.387755e-08
1.279600e-10	3.429459e+02	2.387755e-08
1.435570e-10	3.512112e+02	2.387755e-08
1.616208e-10	3.594765e+02	2.387755e-08
1.823977e-10	3.677418e+02	2.387755e-08
2.061402e-10	3.760071e+02	2.387755e-08
2.331070e-10	3.842724e+02	2.387755e-08
2.635613e-10	3.925378e+02	2.387755e-08
2.977686e-10	4.008031e+02	2.387755e-08
3.359981e-10	4.090684e+02	2.387755e-08
3.785199e-10	4.173337e+02	2.387755e-08
4.256052e-10	4.255990e+02	2.387755e-08
4.775249e-10	4.338643e+02	2.387755e-08
5.345495e-10	4.421296e+02	2.387755e-08
5.969480e-10	4.503949e+02	2.387755e-08
6.649880e-10	4.586602e+02	2.387755e-08
7.389349e-10	4.669255e+02	2.387755e-08
8.190518e-10	4.751908e+02	2.387755e-08
9.055994e-10	4.834561e+02	2.387755e-08
9.988356e-10	4.917214e+02	2.387755e-08
1.099016e-09	4.999867e+02	2.387755e-08
1.206395e-09	5.082520e+02	2.387755e-08
1.321223e-09	5.165173e+02	2.387755e-08
1.443756e-09	5.247827e+02	2.387755e-08
1.574250e-09	5.330480e+02	2.387755e-08
1.712981e-09	5.413133e+02	2.387755e-08
1.860259e-09	5.495786e+02	2.387755e-08
2.016479e-09	5.578439e+02	2.387755e-08
2.182216e-09	5.661092e+02	2.387755e-08
2.358419e-09	5.743745e+02	2.387755e-08
2.546811e-09	5.826398e+02	2.387755e-08
2.750659e-09	5.909051e+02	2.387755e-08
2.976281e-09	5.991704e+02	2.387755e-08
3.235883e-09	6.074357e+02	2.387755e-08
3.552867e-09	6.157010e+02	2.387755e-08
3.971539e-09	6.239663e+02	2.387755e-08
4.574616e-09	6.322316e+02	2.387755e-08
5.514269e-09	6.404969e+02	2.387755e-08
7.066340e-09	6.487622e+02	2.387755e-08
9.723601e-09	6.570276e+02	2.387755e-08
1.435352e-08	6.652929e+02	2.387755e-08
2.246190e-08	6.735582e+02	2.387755e-08
3.662574e-08	6.818235e+02	2.387755e-08
6.119395e-08	6.900888e+02	2.387755e-08
1.034037e-07	6.983541e+02	2.387755e-08
1.751291e-07	7.066194e+02	2.387755e-08
2.955748e-07	7.148847e+02	2.387755e-08
4.953445e-07	7.231500e+02	2.387755e-08
9.280514e-11	3.181500e+02	2.398776e-08
1.021626e-10	3.264153e+02	2.398776e-08
1.132604e-10	3.346806e+02	2.398776e-08
1.263140e-10	3.429459e+02	2.398776e-08
1.415486e-10	3.512112e+02	2.398776e-08
1.591987e-10	3.594765e+02	2.398776e-08
1.795063e-10	3.677418e+02	2.398776e-08
2.027201e-10	3.760071e+02	2.398776e-08
2.290947e-10	3.842724e+02	2.398776e-08
2.588893e-10	3.925378e+02	2.398776e-08
2.923656e-10	4.008031e+02	2.398776e-08
3.297887e-10	4.090684e+02	2.398776e-08
3.714253e-10	4.173337e+02	2.398776e-08
4.175427e-10	4.255990e+02	2.398776e-08
4.684083e-10	4.338643e+02	2.398776e-08
5.242891e-10	4.421296e+02	2.398776e-08
5.854508e-10	4.503949e+02	2.398776e-08
6.521577e-10	4.586602e+02	2.398776e-08
7.246719e-10	4.669255e+02	2.398776e-08
8.032536e-10	4.751908e+02	2.398776e-08
8.881604e-10	4.834561e+02	2.398776e-08
9.796473e-10	4.917214e+02	2.398776e-08
1.077967e-09	4.999867e+02	2.398776e-08
1.183371e-09	5.082520e+02	2.398776e-08
1.296107e-09	5.165173e+02	2.398776e-08
1.416430e-09	5.247827e+02	2.398776e-08
1.544590e-09	5.330480e+02	2.398776e-08
1.680862e-09	5.413133e+02	2.398776e-08
1.825554e-09	5.495786e+02	2.398776e-08
1.979058e-09	5.578439e+02	2.398776e-08
2.141946e-09	5.661092e+02	2.398776e-08
2.315165e-09	5.743745e+02	2.398776e-08
2.500435e-09	5.826398e+02	2.398776e-08
2.701020e-09	5.909051e+02	2.398776e-08
2.923234e-09	5.991704e+02	2.398776e-08
3.179282e-09	6.074357e+02	2.398776e-08
3.492562e-09	6.157010e+02	2.398776e-08
3.907378e-09	6.239663e+02	2.398776e-08
4.506441e-09	6.322316e+02	2.398776e-08
5.441921e-09	6.404969e+02	2.398776e-08
6.989656e-09	6.487622e+02	2.398776e-08
9.642413e-09	6.570276e+02	2.398776e-08
1.426766e-08	6.652929e+02	2.398776e-08
2.237118e-08	6.735582e+02	2.398776e-08
3.652998e-08	6.818235e+02	2.398776e-08
6.109298e-08	6.900888e+02	2.398776e-08
1.032973e-07	6.983541e+02	2.398776e-08
1.750171e-07	7.066194e+02	2.398776e-08
2.954570e-07	7.148847e+02	2.398776e-08
4.952207e-07	7.231500e+02	2.398776e-08
9.201718e-11	3.181500e+02	2.409796e-08
1.011509e-10	3.264153e+02	2.409796e-08
1.119868e-10	3.346806e+02	2.409796e-08
1.247366e-10	3.429459e+02	2.409796e-08
1.396216e-10	3.512112e+02	2.409796e-08
1.568723e-10	3.594765e+02	2.409796e-08
1.767269e-10	3.677418e+02	2.409796e-08
1.994300e-10	3.760071e+02	2.409796e-08
2.252323e-10	3.842724e+02	2.409796e-08
2.543892e-10	3.925378e+02	2.409796e-08
2.871585e-10	4.008031e+02	2.409796e-08
3.238016e-10	4.090684e+02	2.409796e-08
3.645815e-10	4.173337e+02	2.409796e-08
4.097620e-10	4.255990e+02	2.409796e-08
4.596070e-10	4.338643e+02	2.409796e-08
5.143800e-10	4.421296e+02	2.409796e-08
5.743434e-10	4.503949e+02	2.409796e-08
6.397584e-10	4.586602e+02	2.409796e-08
7.108840e-10	4.669255e+02	2.409796e-08
7.879772e-10	4.751908e+02	2.409796e-08
8.712927e-10	4.834561e+02	2.409796e-08
9.610829e-10	4.917214e+02	2.409796e-08
1.057597e-09	4.999867e+02	2.409796e-08
1.161085e-09	5.082520e+02	2.409796e-08
1.271791e-09	5.165173e+02	2.409796e-08
1.389967e-09	5.247827e+02	2.409796e-08
1.515861e-09	5.330480e+02	2.409796e-08
1.649746e-09	5.413133e+02	2.409796e-08
1.791926e-09	5.495786e+02	2.409796e-08
1.942792e-09	5.578439e+02	2.409796e-08
2.102912e-09	5.661092e+02	2.409796e-08
2.273231e-09	5.743745e+02	2.409796e-08
2.455466e-09	5.826398e+02	2.409796e-08
2.652879e-09	5.909051e+02	2.409796e-08
2.871781e-09	5.991704e+02	2.409796e-08
3.124375e-09	6.074357e+02	2.409796e-08
3.434053e-09	6.157010e+02	2.409796e-08
3.845118e-09	6.239663e+02	2.409796e-08
4.440278e-09	6.322316e+02	2.409796e-08
5.371700e-09	6.404969e+02	2.409796e-08
6.915216e-09	6.487622e+02	2.409796e-08
9.563592e-09	6.570276e+02	2.409796e-08
1.418429e-08	6.652929e+02	2.409796e-08
2.228309e-08	6.735582e+02	2.409796e-08
3.643699e-08	6.818235e+02	2.409796e-08
6.099491e-08	6.900888e+02	2.409796e-08
1.031939e-07	6.983541e+02	2.409796e-08
1.749083e-07	7.066194e+02	2.409796e-08
2.953425e-07	7.148847e+02	2.409796e-08
4.951003e-07	7.231500e+02	2.409796e-08
9.126629e-11	3.181500e+02	2.420816e-08
1.001843e-10	3.264153e+02	2.420816e-08
1.107677e-10	3.346806e+02	2.420816e-08
1.232244e-10	3.429459e+02	2.420816e-08
1.377720e-10	3.512112e+02	2.420816e-08
1.546371e-10	3.594765e+02	2.420816e-08
1.740540e-10	3.677418e+02	2.420816e-08
1.962636e-10	3.760071e+02	2.420816e-08
2.215127e-10	3.842724e+02	2.420816e-08
2.500528e-10	3.925378e+02	2.420816e-08
2.821381e-10	4.008031e+02	2.420816e-08
3.180264e-10	4.090684e+02	2.420816e-08
3.579771e-10	4.173337e+02	2.420816e-08
4.022503e-10	4.255990e+02	2.420816e-08
4.511066e-10	4.338643e+02	2.420816e-08
5.048061e-10	4.421296e+02	2.420816e-08
5.636083e-10	4.503949e+02	2.420816e-08
6.277708e-10	4.586602e+02	2.420816e-08
6.975499e-10	4.669255e+02	2.420816e-08
7.731993e-10	4.751908e+02	2.420816e-08
8.549712e-10	4.834561e+02	2.420816e-08
9.431148e-10	4.917214e+02	2.420816e-08
1.037877e-09	4.999867e+02	2.420816e-08
1.139504e-09	5.082520e+02	2.420816e-08
1.248240e-09	5.165173e+02	2.420816e-08
1.364330e-09	5.247827e+02	2.420816e-08
1.488024e-09	5.330480e+02	2.420816e-08
1.619589e-09	5.413133e+02	2.420816e-08
1.759329e-09	5.495786e+02	2.420816e-08
1.907631e-09	5.578439e+02	2.420816e-08
2.065061e-09	5.661092e+02	2.420816e-08
2.232561e-09	5.743745e+02	2.420816e-08
2.411846e-09	5.826398e+02	2.420816e-08
2.606175e-09	5.909051e+02	2.420816e-08
2.821856e-09	5.991704e+02	2.420816e-08
3.071089e-09	6.074357e+02	2.420816e-08
3.377265e-09	6.157010e+02	2.420816e-08
3.784681e-09	6.239663e+02	2.420816e-08
4.376045e-09	6.322316e+02	2.420816e-08
5.303518e-09	6.404969e+02	2.420816e-08
6.842929e-09	6.487622e+02	2.420816e-08
9.487040e-09	6.570276e+02	2.420816e-08
1.410331e-08	6.652929e+02	2.420816e-08
2.219752e-08	6.735582e+02	2.420816e-08
3.634665e-08	6.818235e+02	2.420816e-08
6.089962e-08	6.900888e+02	2.420816e-08
1.030935e-07	6.983541e+02	2.420816e-08
1.748026e-07	7.066194e+02	2.420816e-08
2.952313e-07	7.148847e+02	2.420816e-08
4.949833e-07	7.231500e+02	2.420816e-08
9.055064e-11	3.181500e+02	2.431837e-08
9.926069e-11	3.264153e+02	2.431837e-08
1.096005e-10	3.346806e+02	2.431837e-08
1.217743e-10	3.429459e+02	2.431837e-08
1.359961e-10	3.512112e+02	2.431837e-08
1.524887e-10	3.594765e+02	2.431837e-08
1.714826e-10	3.677418e+02	2.431837e-08
1.932151e-10	3.760071e+02	2.431837e-08
2.179291e-10	3.842724e+02	2.431837e-08
2.458725e-10	3.925378e+02	2.431837e-08
2.772959e-10	4.008031e+02	2.431837e-08
3.124534e-10	4.090684e+02	2.431837e-08
3.516009e-10	4.173337e+02	2.431837e-08
3.949952e-10	4.255990e+02	2.431837e-08
4.428935e-10	4.338643e+02	2.431837e-08
4.955527e-10	4.421296e+02	2.431837e-08
5.532288e-10	4.503949e+02	2.431837e-08
6.161767e-10	4.586602e+02	2.431837e-08
6.846494e-10	4.669255e+02	2.431837e-08
7.588982e-10	4.751908e+02	2.431837e-08
8.391718e-10	4.834561e+02	2.431837e-08
9.257171e-10	4.917214e+02	2.431837e-08
1.018779e-09	4.999867e+02	2.431837e-08
1.118599e-09	5.082520e+02	2.431837e-08
1.225419e-09	5.165173e+02	2.431837e-08
1.339485e-09	5.247827e+02	2.431837e-08
1.461041e-09	5.330480e+02	2.431837e-08
1.590352e-09	5.413133e+02	2.431837e-08
1.727720e-09	5.495786e+02	2.431837e-08
1.873529e-09	5.578439e+02	2.431837e-08
2.028343e-09	5.661092e+02	2.431837e-08
2.193103e-09	5.743745e+02	2.431837e-08
2.369518e-09	5.826398e+02	2.431837e-08
2.560848e-09	5.909051e+02	2.431837e-08
2.773396e-09	5.991704e+02	2.431837e-08
3.019359e-09	6.074357e+02	2.431837e-08
3.322127e-09	6.157010e+02	2.431837e-08
3.725993e-09	6.239663e+02	2.431837e-08
4.313661e-09	6.322316e+02	2.431837e-08
5.237291e-09	6.404969e+02	2.431837e-08
6.772707e-09	6.487622e+02	2.431837e-08
9.412668e-09	6.570276e+02	2.431837e-08
1.402463e-08	6.652929e+02	2.431837e-08
2.211436e-08	6.735582e+02	2.431837e-08
3.625885e-08	6.818235e+02	2.431837e-08
6.080700e-08	6.900888e+02	2.431837e-08
1.029959e-07	6.983541e+02	2.431837e-08
1.746998e-07	7.066194e+02	2.431837e-08
2.951231e-07	7.148847e+02	2.431837e-08
4.948696e-07	7.231500e+02	2.431837e-08
8.986867e-11	3.181500e+02	2.442857e-08
9.837816e-11	3.264153e+02	2.442857e-08
1.084829e-10	3.346806e+02	2.442857e-08
1.203837e-10	3.429459e+02	2.442857e-08
1.342908e-10	3.512112e+02	2.442857e-08
1.504235e-10	3.594765e+02	2.442857e-08
1.690087e-10	3.677418e+02	2.442857e-08
1.902797e-10	3.760071e+02	2.442857e-08
2.144762e-10	3.842724e+02	2.442857e-08
2.418423e-10	3.925378e+02	2.442857e-08
2.726249e-10	4.008031e+02	2.442857e-08
3.070748e-10	4.090684e+02	2.442857e-08
3.454444e-10	4.173337e+02	2.442857e-08
3.879872e-10	4.255990e+02	2.442857e-08
4.349570e-10	4.338643e+02	2.442857e-08
4.866075e-10	4.421296e+02	2.442857e-08
5.431919e-10	4.503949e+02	2.442857e-08
6.049617e-10	4.586602e+02	2.442857e-08
6.721672e-10	4.669255e+02	2.442857e-08
7.450567e-10	4.751908e+02	2.442857e-08
8.238762e-10	4.834561e+02	2.442857e-08
9.088698e-10	4.917214e+02	2.442857e-08
1.000279e-09	4.999867e+02	2.442857e-08
1.098345e-09	5.082520e+02	2.442857e-08
1.203306e-09	5.165173e+02	2.442857e-08
1.315404e-09	5.247827e+02	2.442857e-08
1.434881e-09	5.330480e+02	2.442857e-08
1.562002e-09	5.413133e+02	2.442857e-08
1.697064e-09	5.495786e+02	2.442857e-08
1.840450e-09	5.578439e+02	2.442857e-08
1.992722e-09	5.661092e+02	2.442857e-08
2.154815e-09	5.743745e+02	2.442857e-08
2.328440e-09	5.826398e+02	2.442857e-08
2.516852e-09	5.909051e+02	2.442857e-08
2.726352e-09	5.991704e+02	2.442857e-08
2.969134e-09	6.074357e+02	2.442857e-08
3.268586e-09	6.157010e+02	2.442857e-08
3.668997e-09	6.239663e+02	2.442857e-08
4.253069e-09	6.322316e+02	2.442857e-08
5.172958e-09	6.404969e+02	2.442857e-08
6.704485e-09	6.487622e+02	2.442857e-08
9.340405e-09	6.570276e+02	2.442857e-08
1.394817e-08	6.652929e+02	2.442857e-08
2.203355e-08	6.735582e+02	2.442857e-08
3.617352e-08	6.818235e+02	2.442857e-08
6.071698e-08	6.900888e+02	2.442857e-08
1.029010e-07	6.983541e+02	2.442857e-08
1.745999e-07	7.066194e+02	2.442857e-08
2.950180e-07	7.148847e+02	2.442857e-08
4.947590e-07	7.231500e+02	2.442857e-08
8.921867e-11	3.181500e+02	2.453878e-08
9.753465e-11	3.264153e+02	2.453878e-08
1.074125e-10	3.346806e+02	2.453878e-08
1.190496e-10	3.429459e+02	2.453878e-08
1.326527e-10	3.512112e+02	2.453878e-08
1.484375e-10	3.594765e+02	2.453878e-08
1.666273e-10	3.677418e+02	2.453878e-08
1.874521e-10	3.760071e+02	2.453878e-08
2.111477e-10	3.842724e+02	2.453878e-08
2.379548e-10	3.925378e+02	2.453878e-08
2.681169e-10	4.008031e+02	2.453878e-08
3.018814e-10	4.090684e+02	2.453878e-08
3.394972e-10	4.173337e+02	2.453878e-08
3.812145e-10	4.255990e+02	2.453878e-08
4.272841e-10	4.338643e+02	2.453878e-08
4.779565e-10	4.421296e+02	2.453878e-08
5.334816e-10	4.503949e+02	2.453878e-08
5.941083e-10	4.586602e+02	2.453878e-08
6.600838e-10	4.669255e+02	2.453878e-08
7.316536e-10	4.751908e+02	2.453878e-08
8.090612e-10	4.834561e+02	2.453878e-08
8.925478e-10	4.917214e+02	2.453878e-08
9.823528e-10	4.999867e+02	2.453878e-08
1.078714e-09	5.082520e+02	2.453878e-08
1.181867e-09	5.165173e+02	2.453878e-08
1.292052e-09	5.247827e+02	2.453878e-08
1.409510e-09	5.330480e+02	2.453878e-08
1.534501e-09	5.413133e+02	2.453878e-08
1.667321e-09	5.495786e+02	2.453878e-08
1.808350e-09	5.578439e+02	2.453878e-08
1.958147e-09	5.661092e+02	2.453878e-08
2.117648e-09	5.743745e+02	2.453878e-08
2.288557e-09	5.826398e+02	2.453878e-08
2.474129e-09	5.909051e+02	2.453878e-08
2.680662e-09	5.991704e+02	2.453878e-08
2.920349e-09	6.074357e+02	2.453878e-08
3.216572e-09	6.157010e+02	2.453878e-08
3.613620e-09	6.239663e+02	2.453878e-08
4.194190e-09	6.322316e+02	2.453878e-08
5.110436e-09	6.404969e+02	2.453878e-08
6.638176e-09	6.487622e+02	2.453878e-08
9.270161e-09	6.570276e+02	2.453878e-08
1.387384e-08	6.652929e+02	2.453878e-08
2.195497e-08	6.735582e+02	2.453878e-08
3.609054e-08	6.818235e+02	2.453878e-08
6.062943e-08	6.900888e+02	2.453878e-08
1.028087e-07	6.983541e+02	2.453878e-08
1.745027e-07	7.066194e+02	2.453878e-08
2.949157e-07	7.148847e+02	2.453878e-08
4.946514e-07	7.231500e+02	2.453878e-08
8.859929e-11	3.181500e+02	2.464898e-08
9.672851e-11	3.264153e+02	2.464898e-08
1.063873e-10	3.346806e+02	2.464898e-08
1.177697e-10	3.429459e+02	2.464898e-08
1.310790e-10	3.512112e+02	2.464898e-08
1.465274e-10	3.594765e+02	2.464898e-08
1.643349e-10	3.677418e+02	2.464898e-08
1.847278e-10	3.760071e+02	2.464898e-08
2.079387e-10	3.842724e+02	2.464898e-08
2.342046e-10	3.925378e+02	2.464898e-08
2.637658e-10	4.008031e+02	2.464898e-08
2.968661e-10	4.090684e+02	2.464898e-08
3.337514e-10	4.173337e+02	2.464898e-08
3.746685e-10	4.255990e+02	2.464898e-08
4.198651e-10	4.338643e+02	2.464898e-08
4.695888e-10	4.421296e+02	2.464898e-08
5.240863e-10	4.503949e+02	2.464898e-08
5.836036e-10	4.586602e+02	2.464898e-08
6.483852e-10	4.669255e+02	2.464898e-08
7.186737e-10	4.751908e+02	2.464898e-08
7.947101e-10	4.834561e+02	2.464898e-08
8.767329e-10	4.917214e+02	2.464898e-08
9.649789e-10	4.999867e+02	2.464898e-08
1.059683e-09	5.082520e+02	2.464898e-08
1.161080e-09	5.165173e+02	2.464898e-08
1.269406e-09	5.247827e+02	2.464898e-08
1.384900e-09	5.330480e+02	2.464898e-08
1.507819e-09	5.413133e+02	2.464898e-08
1.638459e-09	5.495786e+02	2.464898e-08
1.777195e-09	5.578439e+02	2.464898e-08
1.924586e-09	5.661092e+02	2.464898e-08
2.081563e-09	5.743745e+02	2.464898e-08
2.249831e-09	5.826398e+02	2.464898e-08
2.432639e-09	5.909051e+02	2.464898e-08
2.636285e-09	5.991704e+02	2.464898e-08
2.872957e-09	6.074357e+02	2.464898e-08
3.166037e-09	6.157010e+02	2.464898e-08
3.559810e-09	6.239663e+02	2.464898e-08
4.136971e-09	6.322316e+02	2.464898e-08
5.049670e-09	6.404969e+02	2.464898e-08
6.573721e-09	6.487622e+02	2.464898e-08
9.201873e-09	6.570276e+02	2.464898e-08
1.380157e-08	6.652929e+02	2.464898e-08
2.187857e-08	6.735582e+02	2.464898e-08
3.600985e-08	6.818235e+02	2.464898e-08
6.054429e-08	6.900888e+02	2.464898e-08
1.027190e-07	6.983541e+02	2.464898e-08
1.744081e-07	7.066194e+02	2.464898e-08
2.948161e-07	7.148847e+02	2.464898e-08
4.945468e-07	7.231500e+02	2.464898e-08
8.800902e-11	3.181500e+02	2.475918e-08
9.595794e-11	3.264153e+02	2.475918e-08
1.054052e-10	3.346806e+02	2.475918e-08
1.165413e-10	3.429459e+02	2.475918e-08
1.295666e-10	3.512112e+02	2.475918e-08
1.446898e-10	3.594765e+02	2.475918e-08
1.621274e-10	3.677418e+02	2.475918e-08
1.821023e-10	3.760071e+02	2.475918e-08
2.048437e-10	3.842724e+02	2.475918e-08
2.305855e-10	3.925378e+02	2.475918e-08
2.595644e-10	4.008031e+02	2.475918e-08
2.920211e-10	4.090684e+02	2.475918e-08
3.281981e-10	4.173337e+02	2.475918e-08
3.683393e-10	4.255990e+02	2.475918e-08
4.126890e-10	4.338643e+02	2.475918e-08
4.614920e-10	4.421296e+02	2.475918e-08
5.149922e-10	4.503949e+02	2.475918e-08
5.734325e-10	4.586602e+02	2.475918e-08
6.370547e-10	4.669255e+02	2.475918e-08
7.060990e-10	4.751908e+02	2.475918e-08
7.808032e-10	4.834561e+02	2.475918e-08
8.614037e-10	4.917214e+02	2.475918e-08
9.481346e-10	4.999867e+02	2.475918e-08
1.041229e-09	5.082520e+02	2.475918e-08
1.140917e-09	5.165173e+02	2.475918e-08
1.247436e-09	5.247827e+02	2.475918e-08
1.361019e-09	5.330480e+02	2.475918e-08
1.481924e-09	5.413133e+02	2.475918e-08
1.610442e-09	5.495786e+02	2.475918e-08
1.746948e-09	5.578439e+02	2.475918e-08
1.891997e-09	5.661092e+02	2.475918e-08
2.046518e-09	5.743745e+02	2.475918e-08
2.212214e-09	5.826398e+02	2.475918e-08
2.392331e-09	5.909051e+02	2.475918e-08
2.593166e-09	5.991704e+02	2.475918e-08
2.826903e-09	6.074357e+02	2.475918e-08
3.116923e-09	6.157010e+02	2.475918e-08
3.507506e-09	6.239663e+02	2.475918e-08
4.081346e-09	6.322316e+02	2.475918e-08
4.990588e-09	6.404969e+02	2.475918e-08
6.511047e-09	6.487622e+02	2.475918e-08
9.135465e-09	6.570276e+02	2.475918e-08
1.373128e-08	6.652929e+02	2.475918e-08
2.180426e-08	6.735582e+02	2.475918e-08
3.593135e-08	6.818235e+02	2.475918e-08
6.046146e-08	6.900888e+02	2.475918e-08
1.026316e-07	6.983541e+02	2.475918e-08
1.743161e-07	7.066194e+02	2.475918e-08
2.947193e-07	7.148847e+02	2.475918e-08
4.944449e-07	7.231500e+02	2.475918e-08
8.744651e-11	3.181500e+02	2.486939e-08
9.522128e-11	3.264153e+02	2.486939e-08
1.044640e-10	3.346806e+02	2.486939e-08
1.153622e-10	3.429459e+02	2.486939e-08
1.281128e-10	3.512112e+02	2.486939e-08
1.429213e-10	3.594765e+02	2.486939e-08
1.600008e-10	3.677418e+02	2.486939e-08
1.795710e-10	3.760071e+02	2.486939e-08
2.018578e-10	3.842724e+02	2.486939e-08
2.270916e-10	3.925378e+02	2.486939e-08
2.555061e-10	4.008031e+02	2.486939e-08
2.873388e-10	4.090684e+02	2.486939e-08
3.228289e-10	4.173337e+02	2.486939e-08
3.622172e-10	4.255990e+02	2.486939e-08
4.057452e-10	4.338643e+02	2.486939e-08
4.536546e-10	4.421296e+02	2.486939e-08
5.061864e-10	4.503949e+02	2.486939e-08
5.635808e-10	4.586602e+02	2.486939e-08
6.260769e-10	4.669255e+02	2.486939e-08
6.939120e-10	4.751908e+02	2.486939e-08
7.673218e-10	4.834561e+02	2.486939e-08
8.465397e-10	4.917214e+02	2.486939e-08
9.317976e-10	4.999867e+02	2.486939e-08
1.023326e-09	5.082520e+02	2.486939e-08
1.121354e-09	5.165173e+02	2.486939e-08
1.226113e-09	5.247827e+02	2.486939e-08
1.337839e-09	5.330480e+02	2.486939e-08
1.456783e-09	5.413133e+02	2.486939e-08
1.583237e-09	5.495786e+02	2.486939e-08
1.717572e-09	5.578439e+02	2.486939e-08
1.860340e-09	5.661092e+02	2.486939e-08
2.012470e-09	5.743745e+02	2.486939e-08
2.175661e-09	5.826398e+02	2.486939e-08
2.353159e-09	5.909051e+02	2.486939e-08
2.551255e-09	5.991704e+02	2.486939e-08
2.782134e-09	6.074357e+02	2.486939e-08
3.069172e-09	6.157010e+02	2.486939e-08
3.456648e-09	6.239663e+02	2.486939e-08
4.027251e-09	6.322316e+02	2.486939e-08
4.933127e-09	6.404969e+02	2.486939e-08
6.450083e-09	6.487622e+02	2.486939e-08
9.070861e-09	6.570276e+02	2.486939e-08
1.366290e-08	6.652929e+02	2.486939e-08
2.173195e-08	6.735582e+02	2.486939e-08
3.585497e-08	6.818235e+02	2.486939e-08
6.038085e-08	6.900888e+02	2.486939e-08
1.025466e-07	6.983541e+02	2.486939e-08
1.742266e-07	7.066194e+02	2.486939e-08
2.946250e-07	7.148847e+02	2.486939e-08
4.943457e-07	7.231500e+02	2.486939e-08
8.691058e-11	3.181500e+02	2.497959e-08
9.451713e-11	3.264153e+02	2.497959e-08
1.035623e-10	3.346806e+02	2.497959e-08
1.142304e-10	3.429459e+02	2.497959e-08
1.267152e-10	3.512112e+02	2.497959e-08
1.412191e-10	3.594765e+02	2.497959e-08
1.579520e-10	3.677418e+02	2.497959e-08
1.771304e-10	3.760071e+02	2.497959e-08
1.989767e-10	3.842724e+02	2.497959e-08
2.237183e-10	3.925378e+02	2.497959e-08
2.515858e-10	4.008031e+02	2.497959e-08
2.828132e-10	4.090684e+02	2.497959e-08
3.176371e-10	4.173337e+02	2.497959e-08
3.562950e-10	4.255990e+02	2.497959e-08
3.990255e-10	4.338643e+02	2.497959e-08
4.460674e-10	4.421296e+02	2.497959e-08
4.976589e-10	4.503949e+02	2.497959e-08
5.540375e-10	4.586602e+02	2.497959e-08
6.154396e-10	4.669255e+02	2.497959e-08
6.820999e-10	4.751908e+02	2.497959e-08
7.542515e-10	4.834561e+02	2.497959e-08
8.321255e-10	4.917214e+02	2.497959e-08
9.159514e-10	4.999867e+02	2.497959e-08
1.005957e-09	5.082520e+02	2.497959e-08
1.102369e-09	5.165173e+02	2.497959e-08
1.205418e-09	5.247827e+02	2.497959e-08
1.315336e-09	5.330480e+02	2.497959e-08
1.432373e-09	5.413133e+02	2.497959e-08
1.556817e-09	5.495786e+02	2.497959e-08
1.689038e-09	5.578439e+02	2.497959e-08
1.829587e-09	5.661092e+02	2.497959e-08
1.979389e-09	5.743745e+02	2.497959e-08
2.140141e-09	5.826398e+02	2.497959e-08
2.315087e-09	5.909051e+02	2.497959e-08
2.510516e-09	5.991704e+02	2.497959e-08
2.738610e-09	6.074357e+02	2.497959e-08
3.022743e-09	6.157010e+02	2.497959e-08
3.407191e-09	6.239663e+02	2.497959e-08
3.974642e-09	6.322316e+02	2.497959e-08
4.877236e-09	6.404969e+02	2.497959e-08
6.390779e-09	6.487622e+02	2.497959e-08
9.008010e-09	6.570276e+02	2.497959e-08
1.359636e-08	6.652929e+02	2.497959e-08
2.166158e-08	6.735582e+02	2.497959e-08
3.578063e-08	6.818235e+02	2.497959e-08
6.030238e-08	6.900888e+02	2.497959e-08
1.024639e-07	6.983541e+02	2.497959e-08
1.741394e-07	7.066194e+02	2.497959e-08
2.945333e-07	7.148847e+02	2.497959e-08
4.942492e-07	7.231500e+02	2.497959e-08
8.639994e-11	3.181500e+02	2.508980e-08
9.384390e-11	3.264153e+02	2.508980e-08
1.026980e-10	3.346806e+02	2.508980e-08
1.131435e-10	3.429459e+02	2.508980e-08
1.253712e-10	3.512112e+02	2.508980e-08
1.395803e-10	3.594765e+02	2.508980e-08
1.559775e-10	3.677418e+02	2.508980e-08
1.747761e-10	3.760071e+02	2.508980e-08
1.961955e-10	3.842724e+02	2.508980e-08
2.204600e-10	3.925378e+02	2.508980e-08
2.477968e-10	4.008031e+02	2.508980e-08
2.784373e-10	4.090684e+02	2.508980e-08
3.126146e-10	4.173337e+02	2.508980e-08
3.505635e-10	4.255990e+02	2.508980e-08
3.925197e-10	4.338643e+02	2.508980e-08
4.387190e-10	4.421296e+02	2.508980e-08
4.893971e-10	4.503949e+02	2.508980e-08
5.447887e-10	4.586602e+02	2.508980e-08
6.051276e-10	4.669255e+02	2.508980e-08
6.706459e-10	4.751908e+02	2.508980e-08
7.415742e-10	4.834561e+02	2.508980e-08
8.181413e-10	4.917214e+02	2.508980e-08
9.005742e-10	4.999867e+02	2.508980e-08
9.890984e-10	5.082520e+02	2.508980e-08
1.083939e-09	5.165173e+02	2.508980e-08
1.185323e-09	5.247827e+02	2.508980e-08
1.293480e-09	5.330480e+02	2.508980e-08
1.408660e-09	5.413133e+02	2.508980e-08
1.531148e-09	5.495786e+02	2.508980e-08
1.661311e-09	5.578439e+02	2.508980e-08
1.799698e-09	5.661092e+02	2.508980e-08
1.947232e-09	5.743745e+02	2.508980e-08
2.105609e-09	5.826398e+02	2.508980e-08
2.278068e-09	5.909051e+02	2.508980e-08
2.470899e-09	5.991704e+02	2.508980e-08
2.696279e-09	6.074357e+02	2.508980e-08
2.977580e-09	6.157010e+02	2.508980e-08
3.359078e-09	6.239663e+02	2.508980e-08
3.923454e-09	6.322316e+02	2.508980e-08
4.822849e-09	6.404969e+02	2.508980e-08
6.333065e-09	6.487622e+02	2.508980e-08
8.946837e-09	6.570276e+02	2.508980e-08
1.353159e-08	6.652929e+02	2.508980e-08
2.159308e-08	6.735582e+02	2.508980e-08
3.570826e-08	6.818235e+02	2.508980e-08
6.022599e-08	6.900888e+02	2.508980e-08
1.023833e-07	6.983541e+02	2.508980e-08
1.740545e-07	7.066194e+02	2.508980e-08
2.944439e-07	7.148847e+02	2.508980e-08
4.941551e-07	7.231500e+02	2.508980e-08
8.591355e-11	3.181500e+02	2.520000e-08
9.320037e-11	3.264153e+02	2.520000e-08
1.018697e-10	3.346806e+02	2.520000e-08
1.120999e-10	3.429459e+02	2.520000e-08
1.240787e-10	3.512112e+02	2.520000e-08
1.380023e-10	3.594765e+02	2.520000e-08
1.540743e-10	3.677418e+02	2.520000e-08
1.725050e-10	3.760071e+02	2.520000e-08
1.935107e-10	3.842724e+02	2.520000e-08
2.173125e-10	3.925378e+02	2.520000e-08
2.441347e-10	4.008031e+02	2.520000e-08
2.742055e-10	4.090684e+02	2.520000e-08
3.077554e-10	4.173337e+02	2.520000e-08
3.450160e-10	4.255990e+02	2.520000e-08
3.862204e-10	4.338643e+02	2.520000e-08
4.316014e-10	4.421296e+02	2.520000e-08
4.813921e-10	4.503949e+02	2.520000e-08
5.358246e-10	4.586602e+02	2.520000e-08
5.951301e-10	4.669255e+02	2.520000e-08
6.595381e-10	4.751908e+02	2.520000e-08
7.292770e-10	4.834561e+02	2.520000e-08
8.045730e-10	4.917214e+02	2.520000e-08
8.856508e-10	4.999867e+02	2.520000e-08
9.727338e-10	5.082520e+02	2.520000e-08
1.066044e-09	5.165173e+02	2.520000e-08
1.165808e-09	5.247827e+02	2.520000e-08
1.272253e-09	5.330480e+02	2.520000e-08
1.385624e-09	5.413133e+02	2.520000e-08
1.506207e-09	5.495786e+02	2.520000e-08
1.634366e-09	5.578439e+02	2.520000e-08
1.770647e-09	5.661092e+02	2.520000e-08
1.915972e-09	5.743745e+02	2.520000e-08
2.072034e-09	5.826398e+02	2.520000e-08
2.242071e-09	5.909051e+02	2.520000e-08
2.432369e-09	5.991704e+02	2.520000e-08
2.655105e-09	6.074357e+02	2.520000e-08
2.933647e-09	6.157010e+02	2.520000e-08
3.312267e-09	6.239663e+02	2.520000e-08
3.873648e-09	6.322316e+02	2.520000e-08
4.769923e-09	6.404969e+02	2.520000e-08
6.276895e-09	6.487622e+02	2.520000e-08
8.887294e-09	6.570276e+02	2.520000e-08
1.346855e-08	6.652929e+02	2.520000e-08
2.152640e-08	6.735582e+02	2.520000e-08
3.563779e-08	6.818235e+02	2.520000e-08
6.015161e-08	6.900888e+02	2.520000e-08
1.023049e-07	6.983541e+02	2.520000e-08
1.739718e-07	7.066194e+02	2.520000e-08
2.943568e-07	7.148847e+02	2.520000e-08
4.940635e-07	7.231500e+02	2.520000e-08
